data
similarities
10 nodes
6 decimal places
0 minimum value
1 maximum value
full matrix
1.000000 0.316720 0.418851 0.437984 0.434803 0.451712 0.347718 0.417506 0.461991 0.388696
0.316720 1.000000 0.269066 0.179303 0.288282 0.294770 0.237613 0.328715 0.268981 0.243621
0.418851 0.269066 1.000000 0.384523 0.297030 0.396599 0.313014 0.385563 0.372059 0.343557
0.437984 0.179303 0.384523 1.000000 0.402409 0.402190 0.248553 0.318202 0.411115 0.341241
0.434803 0.288282 0.297030 0.402409 1.000000 0.397336 0.328334 0.374022 0.396319 0.423251
0.451712 0.294770 0.396599 0.402190 0.397336 1.000000 0.325134 0.351321 0.442003 0.382377
0.347718 0.237613 0.313014 0.248553 0.328334 0.325134 1.000000 0.317208 0.310101 0.334782
0.417506 0.328715 0.385563 0.318202 0.374022 0.351321 0.317208 1.000000 0.354551 0.351516
0.461991 0.268981 0.372059 0.411115 0.396319 0.442003 0.310101 0.354551 1.000000 0.353607
0.388696 0.243621 0.343557 0.341241 0.423251 0.382377 0.334782 0.351516 0.353607 1.000000
