data
similarities
100 nodes
6 decimal places
0 minimum value
1 maximum value
full matrix
1.000000 0.378087 0.166419 0.505695 0.114399 0.534275 0.221774 0.469981 0.136900 0.000000 0.164550 0.354435 0.381290 0.488182 0.538045 0.598035 0.240279 0.644119 0.000000 0.683099 0.605038 0.647449 0.000000 0.345201 0.542048 0.264281 0.595747 0.509416 0.163507 0.680722 0.000000 0.431463 0.000000 0.488182 0.157539 0.000003 0.541524 0.000000 0.003667 0.782988 0.313103 0.266839 0.000000 0.373220 0.751941 0.672271 0.516104 0.492597 0.663918 0.691436 0.701577 0.637094 0.589316 0.369550 0.242652 0.533343 0.298376 0.148778 0.518346 0.362898 0.359950 0.028140 0.527029 0.794068 0.233565 0.422341 0.476522 0.639764 0.417383 0.732511 0.542031 0.134020 0.628797 0.439019 0.429329 0.684790 0.501384 0.748006 0.284404 0.245007 0.000006 0.832701 0.772602 0.505783 0.147971 0.000000 0.488182 0.620645 0.000000 0.623486 0.381098 0.766937 0.057163 0.000000 0.136900 0.670165 0.000000 0.557936 0.024036 0.030951
0.378087 1.000000 0.000000 0.000000 0.310702 0.212000 0.346442 0.305266 0.000000 0.000000 0.350422 0.911338 0.125965 0.774479 0.309461 0.010501 0.476700 0.000000 0.000000 0.000000 0.083622 0.725147 0.632600 0.032336 0.000000 0.419263 0.188450 0.065308 0.259388 0.302032 0.000000 0.000011 0.632600 0.774479 0.000000 0.000000 0.227420 0.000000 0.000000 0.466083 0.024142 0.000881 0.632600 0.000001 0.181000 0.784221 0.440512 0.356272 0.670780 0.303810 0.498022 0.541202 0.162425 0.000000 0.384947 0.094726 0.515673 0.227745 0.000000 0.241170 0.000194 0.038534 0.000176 0.257032 0.000000 0.299910 0.217592 0.102767 0.699581 0.394960 0.000000 0.000000 0.711679 0.973149 0.293160 0.000000 0.220997 0.422188 0.000000 0.248917 0.000000 0.000000 0.509412 0.054648 0.000000 0.000000 0.774479 0.902639 0.000000 0.226937 0.601696 0.126669 0.000000 0.000000 0.000000 0.000000 0.000000 0.231616 0.000000 0.000000
0.166419 0.000000 1.000000 0.324656 0.042395 0.177889 0.000000 0.267214 0.000000 0.243060 0.155611 0.274240 0.648816 0.000000 0.143391 0.586783 0.536590 0.751399 0.000000 0.245536 0.215266 0.000000 0.000000 0.544097 0.000000 0.372361 0.337169 0.188741 0.098599 0.518714 0.000000 0.319758 0.000000 0.000000 0.265273 0.812923 0.000001 0.000000 0.000000 0.244338 0.320604 0.762104 0.000000 0.137501 0.241857 0.116554 0.361724 0.169346 0.000021 0.462600 0.135324 0.156643 0.290144 0.095154 0.000000 0.118578 0.427452 0.185938 0.346133 0.167453 0.133377 0.001323 0.457694 0.245275 0.000014 0.068306 0.124367 0.211944 0.653029 0.440323 0.000016 0.000000 0.000037 0.000000 0.000000 0.060100 0.580685 0.082011 0.954562 0.538647 0.000000 0.144062 0.195894 0.746437 0.816377 0.937686 0.000000 0.081191 0.000000 0.708346 0.107237 0.213919 0.796437 0.937687 0.000000 0.248326 0.937686 0.185010 0.071232 0.236771
0.505695 0.000000 0.324656 1.000000 0.128804 0.691046 0.000018 0.855604 0.000000 0.564770 0.101223 0.000000 0.541742 0.000000 0.435732 0.665939 0.331718 0.427241 0.000000 0.746107 0.803590 0.000000 0.000000 0.374157 0.000000 0.000015 0.652709 0.787907 0.229120 0.537930 0.334123 0.660192 0.000000 0.000000 0.645640 0.000010 0.000003 0.210883 0.000000 0.634034 0.441423 0.250908 0.000000 0.517403 0.725820 0.354176 0.630756 0.661162 0.000064 0.743459 0.563173 0.477257 0.905263 0.289142 0.000018 0.476445 0.299892 0.476279 0.941617 0.310868 0.405292 0.120028 0.536392 0.760094 0.000053 0.297538 0.636439 0.644030 0.209474 0.676464 0.000037 0.000000 0.000036 0.000000 0.000008 0.182626 0.589151 0.315231 0.309588 0.000153 0.000021 0.437793 0.506452 0.312591 0.000008 0.000000 0.000000 0.313765 0.334123 0.784153 0.279580 0.567356 0.081241 0.000000 0.000000 0.754584 0.000000 0.532690 0.356771 0.550157
0.114399 0.310702 0.042395 0.128804 1.000000 0.633726 0.763671 0.477492 0.000000 0.000000 0.549567 0.271043 0.181368 0.000000 0.843879 0.150660 0.409878 0.096655 0.000145 0.168755 0.212875 0.000010 0.491151 0.697768 0.000028 0.633057 0.561595 0.180357 0.726450 0.116151 0.000000 0.043662 0.491151 0.000000 0.049082 0.425744 0.000044 0.000113 0.000145 0.252682 0.052395 0.061052 0.491151 0.051579 0.385146 0.509525 0.507019 0.448841 0.013327 0.417101 0.402135 0.768062 0.424620 0.065459 0.741205 0.061969 0.468203 0.487492 0.132008 0.185485 0.091942 0.245919 0.375174 0.457281 0.770846 0.849298 0.085515 0.225455 0.400237 0.451838 0.000029 0.000030 0.245232 0.214804 0.567063 0.134487 0.298018 0.323433 0.070035 0.005270 0.854191 0.099033 0.049321 0.478318 0.349600 0.000014 0.000000 0.262033 0.000000 0.099647 0.844383 0.141734 0.000067 0.000014 0.000000 0.170672 0.000014 0.414862 0.005714 0.000000
0.534275 0.212000 0.177889 0.691046 0.633726 1.000000 0.383290 0.860552 0.176421 0.090750 0.418831 0.184909 0.695860 0.000009 0.822934 0.553793 0.540056 0.474585 0.000000 0.646848 0.841921 0.058040 0.335114 0.564685 0.165243 0.314107 0.880073 0.830785 0.397260 0.581377 0.497609 0.632437 0.335114 0.000009 0.258287 0.211236 0.224159 0.314069 0.004725 0.714158 0.626993 0.411245 0.335114 0.479772 0.721875 0.538911 0.857126 0.759092 0.127425 0.767102 0.800459 0.803582 0.860863 0.385763 0.367769 0.572352 0.563817 0.378617 0.542889 0.286641 0.337152 0.297729 0.819537 0.852980 0.453674 0.839460 0.704114 0.677381 0.346314 0.740119 0.165244 0.172710 0.282950 0.146570 0.454595 0.357407 0.628449 0.569008 0.269639 0.122445 0.423825 0.549325 0.314246 0.539774 0.218560 0.000000 0.000009 0.445752 0.497609 0.561485 0.651631 0.490721 0.086720 0.000000 0.176421 0.627527 0.000000 0.711759 0.516965 0.128278
0.221774 0.346442 0.000000 0.000018 0.763671 0.383290 1.000000 0.126426 0.024790 0.000000 0.266374 0.324772 0.009592 0.447322 0.528609 0.006068 0.014009 0.007104 0.000010 0.003705 0.004362 0.418830 0.000000 0.700192 0.000000 0.904734 0.360506 0.000051 0.910148 0.195952 0.000000 0.000084 0.000000 0.447322 0.030471 0.445588 0.150271 0.000008 0.000674 0.272155 0.000086 0.046027 0.000000 0.000008 0.346364 0.601103 0.148882 0.604276 0.409852 0.478435 0.454957 0.521314 0.160217 0.020422 0.998111 0.065898 0.005794 0.640377 0.000000 0.001362 0.000009 0.278575 0.317436 0.218161 0.806783 0.599535 0.126355 0.012275 0.472982 0.367658 0.000000 0.024271 0.228639 0.402274 0.355261 0.097498 0.000026 0.454929 0.001712 0.156612 0.894029 0.009184 0.295718 0.461578 0.365884 0.000000 0.447322 0.367926 0.000000 0.133691 0.613586 0.146992 0.010355 0.000000 0.024790 0.000000 0.000000 0.159337 0.000314 0.005603
0.469981 0.305266 0.267214 0.855604 0.477492 0.860552 0.126426 1.000000 0.000000 0.382893 0.403502 0.266256 0.609062 0.000000 0.724620 0.618900 0.645146 0.397066 0.000000 0.693411 0.819217 0.000000 0.482557 0.413259 0.000000 0.104802 0.763742 0.794339 0.275587 0.505003 0.329738 0.569887 0.482557 0.000000 0.472443 0.070480 0.000002 0.208116 0.000000 0.680027 0.445351 0.250003 0.482557 0.452578 0.704805 0.537697 0.886021 0.647778 0.002349 0.723001 0.657308 0.773073 0.950444 0.268721 0.122707 0.433941 0.672075 0.418088 0.785114 0.392930 0.376815 0.158759 0.559947 0.856133 0.127637 0.604735 0.606355 0.676936 0.380197 0.752491 0.000025 0.000000 0.240947 0.211045 0.279820 0.185147 0.717833 0.371986 0.287723 0.005229 0.141412 0.406875 0.398136 0.357982 0.057873 0.000000 0.000000 0.498083 0.329738 0.665403 0.625535 0.476340 0.055078 0.000000 0.000000 0.701290 0.000000 0.670192 0.350643 0.372985
0.136900 0.000000 0.000000 0.000000 0.000000 0.176421 0.024790 0.000000 1.000000 0.000000 0.000000 0.000000 0.376883 0.000000 0.000000 0.000000 0.253369 0.286564 0.000000 0.149473 0.175949 0.000000 0.000000 0.000000 0.000000 0.000000 0.334845 0.000000 0.000000 0.500356 0.000000 0.000458 0.000000 0.000000 0.344262 0.000001 0.763047 0.000000 0.026784 0.119691 0.000000 0.109239 0.000000 0.000000 0.142651 0.000000 0.014118 0.001775 0.350708 0.000000 0.242685 0.000000 0.079094 0.823634 0.000000 0.449292 0.233736 0.000000 0.000000 0.000000 0.000001 0.000000 0.151533 0.050034 0.000000 0.140125 0.027259 0.495141 0.000102 0.286782 0.000000 0.978963 0.000000 0.000000 0.000000 0.000000 0.000000 0.133376 0.069032 0.673288 0.000000 0.370469 0.059533 0.137587 0.000000 0.000000 0.000000 0.000000 0.000000 0.096636 0.054113 0.232738 0.417554 0.000000 1.000000 0.000000 0.000001 0.675393 0.012318 0.226011
0.000000 0.000000 0.243060 0.564770 0.000000 0.090750 0.000000 0.382893 0.000000 1.000000 0.000042 0.000000 0.000000 0.000000 0.000000 0.000043 0.131326 0.000000 0.000000 0.000000 0.000000 0.000000 0.000000 0.297601 0.000000 0.000000 0.317386 0.000000 0.405655 0.000000 0.000000 0.404501 0.000000 0.000000 0.923071 0.000000 0.000005 0.000000 0.000000 0.001773 0.000000 0.000000 0.000000 0.257650 0.052434 0.000000 0.190889 0.289179 0.000007 0.151399 0.000000 0.000000 0.311901 0.000000 0.000000 0.117726 0.000000 0.757029 0.633845 0.550429 0.000000 0.000000 0.000001 0.225651 0.000049 0.000000 0.000000 0.000000 0.216985 0.132856 0.000066 0.000000 0.000000 0.000000 0.000000 0.000000 0.000001 0.130843 0.000000 0.000000 0.000000 0.000000 0.510945 0.000000 0.000000 0.000000 0.000000 0.000000 0.000000 0.477026 0.264939 0.477201 0.143847 0.000000 0.000000 0.000000 0.000000 0.169784 0.000000 0.974125
0.164550 0.350422 0.155611 0.101223 0.549567 0.418831 0.266374 0.403502 0.000000 0.000042 1.000000 0.557404 0.250714 0.000000 0.562974 0.361965 0.704315 0.220853 0.741895 0.132598 0.189476 0.048382 0.553940 0.355980 0.137766 0.272625 0.542312 0.159050 0.253401 0.232825 0.000000 0.134897 0.553940 0.000000 0.059847 0.261567 0.219129 0.575456 0.741629 0.489253 0.131163 0.248304 0.553940 0.637304 0.203164 0.476388 0.585229 0.186481 0.053853 0.288502 0.479847 0.548352 0.310743 0.361565 0.258530 0.544963 0.550587 0.170650 0.103751 0.550223 0.697998 0.747572 0.265830 0.406331 0.328225 0.553750 0.264590 0.204445 0.387908 0.333009 0.143545 0.151376 0.372948 0.242265 0.484217 0.200536 0.628961 0.448917 0.173625 0.336508 0.297940 0.177733 0.164025 0.361795 0.273093 0.130427 0.000000 0.276442 0.000000 0.306779 0.600380 0.183624 0.388903 0.130427 0.000000 0.134105 0.130431 0.347680 0.084543 0.000043
0.354435 0.911338 0.274240 0.000000 0.271043 0.184909 0.324772 0.266256 0.000000 0.000000 0.557404 1.000000 0.274811 0.726030 0.269915 0.199211 0.628581 0.191543 0.287933 0.000000 0.072936 0.679784 0.551761 0.156304 0.000000 0.509184 0.255573 0.056973 0.243161 0.433029 0.000000 0.054145 0.551761 0.726030 0.011800 0.253551 0.269267 0.223337 0.287830 0.553832 0.105746 0.257440 0.551761 0.214762 0.169682 0.772487 0.473572 0.333989 0.628822 0.380681 0.541702 0.484754 0.141669 0.120382 0.360866 0.264737 0.552316 0.213499 0.000000 0.315912 0.243045 0.292808 0.108740 0.232420 0.000000 0.261585 0.280603 0.089634 0.820040 0.426705 0.002245 0.058750 0.646565 0.894224 0.255697 0.001073 0.425060 0.463176 0.265953 0.500147 0.000000 0.000000 0.501521 0.263645 0.254628 0.292465 0.726030 0.828846 0.000000 0.409358 0.536479 0.118285 0.347330 0.292465 0.000000 0.000000 0.292466 0.202018 0.047311 0.000000
0.381290 0.125965 0.648816 0.541742 0.181368 0.695860 0.009592 0.609062 0.376883 0.000000 0.250714 0.274811 1.000000 0.000556 0.380915 0.654603 0.699507 0.752246 0.002158 0.542368 0.747358 0.000520 0.198441 0.376260 0.000000 0.223377 0.666534 0.722104 0.000186 0.811947 0.511253 0.586198 0.198441 0.000556 0.210818 0.487011 0.288163 0.324354 0.012252 0.620500 0.714482 0.790250 0.198441 0.370722 0.507420 0.299489 0.707003 0.498195 0.132740 0.656509 0.629348 0.421006 0.624100 0.499671 0.000276 0.557795 0.642167 0.069547 0.380199 0.095798 0.265900 0.182107 0.793835 0.540159 0.000004 0.419756 0.652766 0.638386 0.490721 0.670655 0.000017 0.369394 0.099393 0.087288 0.091962 0.118974 0.718226 0.316100 0.738520 0.579526 0.000000 0.424844 0.164919 0.641158 0.489080 0.561755 0.000556 0.347096 0.511253 0.706746 0.237981 0.284284 0.614380 0.561755 0.376883 0.491556 0.561755 0.611756 0.566357 0.085180
0.488182 0.774479 0.000000 0.000000 0.000000 0.000009 0.447322 0.000000 0.000000 0.000000 0.000000 0.726030 0.000556 1.000000 0.000000 0.013559 0.017269 0.000000 0.000000 0.000000 0.000001 0.936304 0.000000 0.041751 0.000000 0.541349 0.004837 0.000113 0.334919 0.389973 0.000000 0.000014 0.000000 1.000000 0.000000 0.000000 0.293643 0.000000 0.000000 0.473039 0.000192 0.000345 0.000000 0.000001 0.233696 0.732765 0.061544 0.459958 0.865925 0.392009 0.492385 0.250682 0.000000 0.000000 0.497041 0.122309 0.000000 0.294062 0.000000 0.003038 0.000000 0.049755 0.000000 0.078180 0.000000 0.000009 0.280953 0.000000 0.594059 0.325966 0.000000 0.000000 0.511128 0.899292 0.000000 0.000000 0.000049 0.455635 0.000001 0.312789 0.000000 0.000000 0.657749 0.070561 0.000000 0.000000 1.000000 0.822507 0.000000 0.293016 0.230514 0.154434 0.000000 0.000000 0.000000 0.000000 0.000000 0.000000 0.000000 0.000000
0.538045 0.309461 0.143391 0.435732 0.843879 0.822934 0.528609 0.724620 0.000000 0.000000 0.562974 0.269915 0.380915 0.000000 1.000000 0.509579 0.528026 0.442852 0.000000 0.570944 0.565225 0.097876 0.489189 0.681316 0.278697 0.438195 0.770068 0.489313 0.502845 0.369488 0.000000 0.281308 0.489189 0.000000 0.109638 0.294689 0.151013 0.000000 0.000000 0.554593 0.225541 0.184776 0.489189 0.262107 0.690360 0.619362 0.750582 0.494154 0.108583 0.631469 0.588413 0.950517 0.728684 0.221261 0.513058 0.296286 0.628275 0.341016 0.446620 0.370501 0.310292 0.172718 0.570660 0.835965 0.653654 0.897450 0.289190 0.572301 0.409945 0.712426 0.278689 0.000000 0.439241 0.213946 0.682393 0.472926 0.601108 0.523077 0.236907 0.005274 0.591266 0.537153 0.295200 0.611250 0.318056 0.000000 0.000000 0.394200 0.000000 0.375980 0.838314 0.484180 0.000000 0.000000 0.000000 0.577431 0.000000 0.647528 0.019262 0.000005
0.598035 0.010501 0.586783 0.665939 0.150660 0.553793 0.006068 0.618900 0.000000 0.000043 0.361965 0.199211 0.654603 0.013559 0.509579 1.000000 0.509465 0.755976 0.259449 0.872579 0.765006 0.012695 0.000000 0.410470 0.000000 0.163037 0.533834 0.670747 0.004558 0.745485 0.000000 0.295797 0.000000 0.013559 0.156062 0.339892 0.054508 0.201243 0.259356 0.748503 0.288044 0.431677 0.000000 0.459622 0.817390 0.470510 0.551185 0.358283 0.011823 0.783188 0.561878 0.560116 0.761702 0.446627 0.006739 0.479903 0.488185 0.010893 0.682600 0.099661 0.692841 0.236627 0.535011 0.681649 0.000008 0.242742 0.514824 0.753199 0.333292 0.795812 0.002023 0.052938 0.006983 0.012193 0.000000 0.214547 0.917302 0.240951 0.718582 0.319043 0.000000 0.511964 0.285363 0.646137 0.341336 0.392057 0.013559 0.299685 0.000000 0.756478 0.155113 0.350127 0.417348 0.392057 0.000000 0.882493 0.392058 0.510829 0.080690 0.000042
0.240279 0.476700 0.536590 0.331718 0.409878 0.540056 0.014009 0.645146 0.253369 0.131326 0.704315 0.628581 0.699507 0.017269 0.528026 0.509465 1.000000 0.540050 0.268318 0.328156 0.444113 0.016437 0.732415 0.318538 0.000762 0.192208 0.630561 0.367820 0.059057 0.550931 0.107793 0.287811 0.732415 0.017269 0.267812 0.399192 0.251071 0.276157 0.275008 0.522652 0.313682 0.501530 0.732415 0.369305 0.317947 0.449308 0.797208 0.227038 0.104282 0.414128 0.491011 0.591914 0.527553 0.433360 0.008583 0.446023 0.934379 0.120605 0.310315 0.454320 0.384241 0.279045 0.405019 0.518023 0.000338 0.492812 0.313598 0.495005 0.632126 0.598100 0.002863 0.302786 0.375040 0.335850 0.340020 0.072788 0.779028 0.294632 0.556657 0.540742 0.000000 0.264747 0.201008 0.484859 0.401096 0.460458 0.017269 0.439360 0.107793 0.560527 0.593223 0.248902 0.600958 0.460458 0.253369 0.293583 0.460460 0.631634 0.176596 0.185192
0.644119 0.000000 0.751399 0.427241 0.096655 0.474585 0.007104 0.397066 0.286564 0.000000 0.220853 0.191543 0.752246 0.000000 0.442852 0.755976 0.540050 1.000000 0.003594 0.602667 0.541241 0.146065 0.000000 0.544037 0.415915 0.258671 0.638198 0.430337 0.000000 0.752001 0.000000 0.454254 0.000000 0.000000 0.192081 0.564719 0.444727 0.002788 0.011268 0.531156 0.439053 0.740577 0.000000 0.304725 0.563274 0.266389 0.533903 0.226732 0.248730 0.589816 0.427287 0.427727 0.511400 0.454482 0.000000 0.466002 0.520411 0.004410 0.437929 0.301886 0.307138 0.006440 0.696653 0.629000 0.179211 0.363789 0.292331 0.625130 0.503266 0.679401 0.415930 0.281269 0.291037 0.000000 0.329424 0.538033 0.700169 0.440082 0.844415 0.568444 0.000000 0.736334 0.372551 0.855379 0.680654 0.651389 0.000000 0.185118 0.000000 0.728228 0.224899 0.593369 0.650005 0.651389 0.286564 0.566194 0.651389 0.580789 0.066488 0.064775
0.000000 0.000000 0.000000 0.000000 0.000145 0.000000 0.000010 0.000000 0.000000 0.000000 0.741895 0.287933 0.002158 0.000000 0.000000 0.259449 0.268318 0.003594 1.000000 0.000000 0.000000 0.000000 0.000000 0.000000 0.000000 0.000033 0.166178 0.000017 0.000000 0.127997 0.000000 0.016827 0.000000 0.000000 0.040983 0.000000 0.194745 0.775656 0.999641 0.353819 0.000000 0.096246 0.000000 0.745872 0.000017 0.178727 0.094094 0.000025 0.000046 0.072506 0.286337 0.000165 0.000000 0.418089 0.000000 0.611033 0.000000 0.000003 0.000000 0.329615 0.843515 0.891457 0.000043 0.014872 0.000000 0.000000 0.266113 0.000000 0.000000 0.000739 0.007796 0.204040 0.000000 0.000000 0.000000 0.003728 0.376997 0.247097 0.000003 0.344692 0.000000 0.000000 0.083269 0.040585 0.000000 0.000000 0.000000 0.000000 0.000000 0.197805 0.000000 0.000000 0.381430 0.000000 0.000000 0.000000 0.000006 0.000000 0.096121 0.000000
0.683099 0.000000 0.245536 0.746107 0.168755 0.646848 0.003705 0.693411 0.149473 0.000000 0.132598 0.000000 0.542368 0.000000 0.570944 0.872579 0.328156 0.602667 0.000000 1.000000 0.883431 0.000000 0.000000 0.270017 0.000000 0.000000 0.535022 0.751514 0.000000 0.697140 0.000000 0.252544 0.000000 0.000000 0.214356 0.000000 0.114055 0.000000 0.004004 0.714148 0.195543 0.128145 0.000000 0.298139 0.933588 0.464084 0.502533 0.394686 0.052500 0.737795 0.575100 0.623710 0.865237 0.501988 0.000000 0.425366 0.427899 0.007700 0.764771 0.000002 0.531073 0.005221 0.459003 0.765690 0.000009 0.292919 0.499270 0.917912 0.094288 0.830908 0.000000 0.146329 0.000047 0.000000 0.000000 0.239300 0.732305 0.209985 0.415986 0.100839 0.000000 0.628992 0.294404 0.430156 0.000000 0.000000 0.000000 0.323279 0.000000 0.590278 0.178325 0.424709 0.062413 0.000000 0.149473 0.988766 0.000000 0.673289 0.034816 0.033783
0.605038 0.083622 0.215266 0.803590 0.212875 0.841921 0.004362 0.819217 0.175949 0.000000 0.189476 0.072936 0.747358 0.000001 0.565225 0.765006 0.444113 0.541241 0.000000 0.883431 1.000000 0.000004 0.132187 0.236732 0.000009 0.000000 0.661054 0.959517 0.000000 0.717981 0.447332 0.541499 0.132187 0.000001 0.203388 0.000000 0.134262 0.282336 0.004713 0.788449 0.567648 0.339057 0.132187 0.454664 0.824901 0.452155 0.712139 0.609636 0.061808 0.773927 0.742928 0.621025 0.900245 0.477085 0.000000 0.575970 0.493397 0.064111 0.670489 0.049911 0.465642 0.159931 0.681549 0.786918 0.000011 0.446218 0.785065 0.848458 0.152767 0.771163 0.000009 0.172247 0.066042 0.057813 0.061265 0.209807 0.728745 0.333494 0.367803 0.120033 0.000000 0.568135 0.260787 0.383306 0.000002 0.000000 0.000001 0.428701 0.447332 0.622651 0.247226 0.384651 0.073468 0.000000 0.175949 0.866870 0.000000 0.669032 0.475039 0.039766
0.647449 0.725147 0.000000 0.000000 0.000010 0.058040 0.418830 0.000000 0.000000 0.000000 0.048382 0.679784 0.000520 0.936304 0.097876 0.012695 0.016437 0.146065 0.000000 0.000000 0.000004 1.000000 0.000000 0.130965 0.351191 0.506867 0.146314 0.000106 0.313586 0.365152 0.000000 0.168642 0.000000 0.936304 0.000000 0.000000 0.465234 0.000000 0.000000 0.484221 0.117109 0.114306 0.000000 0.110887 0.218817 0.686091 0.151537 0.430970 0.935893 0.367039 0.501693 0.294305 0.000040 0.000000 0.465381 0.224233 0.000024 0.275331 0.000000 0.237004 0.000000 0.046787 0.136402 0.225555 0.151319 0.141776 0.263058 0.000000 0.597337 0.305203 0.351180 0.000000 0.724281 0.842011 0.278159 0.338589 0.003297 0.671842 0.000001 0.292865 0.000000 0.254752 0.777724 0.179375 0.095868 0.000000 0.936304 0.770117 0.000000 0.324191 0.310275 0.400778 0.000000 0.000000 0.000000 0.000000 0.000000 0.050249 0.000000 0.000006
0.000000 0.632600 0.000000 0.000000 0.491151 0.335114 0.000000 0.482557 0.000000 0.000000 0.553940 0.551761 0.198441 0.000000 0.489189 0.000000 0.732415 0.000000 0.000000 0.000000 0.132187 0.000000 1.000000 0.000000 0.000000 0.000000 0.291977 0.103100 0.000000 0.000010 0.000000 0.000000 1.000000 0.000000 0.000000 0.000000 0.000000 0.000000 0.000000 0.157642 0.037928 0.000970 1.000000 0.000000 0.000012 0.342570 0.621005 0.000070 0.000220 0.000328 0.184445 0.548615 0.256758 0.000000 0.000000 0.000001 0.815164 0.000000 0.000000 0.377517 0.000307 0.000000 0.000278 0.310596 0.000000 0.474079 0.000000 0.162451 0.378587 0.225271 0.000000 0.000000 0.499243 0.437348 0.463421 0.000000 0.349287 0.109560 0.000000 0.010542 0.000000 0.000000 0.000000 0.000000 0.000000 0.000000 0.000000 0.419894 0.000000 0.000002 0.668934 0.011164 0.000000 0.000000 0.000000 0.000000 0.000000 0.366133 0.000000 0.000000
0.345201 0.032336 0.544097 0.374157 0.697768 0.564685 0.700192 0.413259 0.000000 0.297601 0.355980 0.156304 0.376260 0.041751 0.681316 0.410470 0.318538 0.544037 0.000000 0.270017 0.236732 0.130965 0.000000 1.000000 0.261604 0.758621 0.696182 0.207564 0.783006 0.362443 0.000000 0.388383 0.000000 0.041751 0.338401 0.753405 0.154013 0.000000 0.000000 0.324168 0.265845 0.489832 0.000000 0.241618 0.480503 0.391815 0.457844 0.554196 0.141158 0.634109 0.394658 0.576004 0.463492 0.104641 0.682218 0.220837 0.259588 0.673558 0.399853 0.353828 0.146676 0.222217 0.649509 0.548458 0.800641 0.688949 0.148497 0.233076 0.587658 0.550423 0.261615 0.000000 0.204395 0.037547 0.510117 0.401440 0.386962 0.505554 0.503779 0.260557 0.762297 0.348192 0.378964 0.859887 0.758445 0.430792 0.041751 0.123627 0.000000 0.556268 0.639991 0.508496 0.392645 0.430792 0.000000 0.273085 0.430792 0.367614 0.038035 0.289905
0.542048 0.000000 0.000000 0.000000 0.000028 0.165243 0.000000 0.000000 0.000000 0.000000 0.137766 0.000000 0.000000 0.000000 0.278697 0.000000 0.000762 0.415915 0.000000 0.000000 0.000009 0.351191 0.000000 0.261604 1.000000 0.000000 0.403728 0.000000 0.000000 0.000055 0.000000 0.480164 0.000000 0.000000 0.000000 0.000000 0.541855 0.000000 0.000000 0.117635 0.332950 0.324563 0.000000 0.315741 0.000019 0.000000 0.267412 0.000882 0.356285 0.000000 0.115809 0.169681 0.000112 0.000000 0.000000 0.312407 0.000067 0.000000 0.000000 0.666757 0.000000 0.000571 0.388399 0.433821 0.430873 0.403676 0.000000 0.000000 0.117079 0.000000 0.999970 0.000000 0.699646 0.000000 0.792046 0.964116 0.009258 0.698279 0.000000 0.000000 0.000000 0.725395 0.460920 0.322639 0.272980 0.000000 0.000000 0.000000 0.000000 0.141913 0.268925 0.729461 0.000000 0.000000 0.000000 0.000000 0.000000 0.143081 0.000000 0.000018
0.264281 0.419263 0.372361 0.000015 0.633057 0.314107 0.904734 0.104802 0.000000 0.000000 0.272625 0.509184 0.223377 0.541349 0.438195 0.163037 0.192208 0.258671 0.000033 0.000000 0.000000 0.506867 0.000000 0.758621 0.000000 1.000000 0.351330 0.000061 0.811591 0.372141 0.000000 0.066989 0.000000 0.541349 0.018185 0.713643 0.158970 0.000026 0.000033 0.333065 0.115081 0.346826 0.000000 0.000025 0.324044 0.623257 0.213939 0.579323 0.480215 0.565309 0.456130 0.474898 0.131188 0.000014 0.912156 0.066267 0.139229 0.580994 0.000000 0.015913 0.000028 0.239439 0.407448 0.193153 0.668790 0.494111 0.152102 0.000000 0.737583 0.443453 0.000000 0.000007 0.276709 0.486831 0.294497 0.080822 0.168068 0.453135 0.361106 0.397432 0.741113 0.000000 0.356087 0.664385 0.649034 0.397106 0.541349 0.445263 0.000000 0.348446 0.546873 0.143405 0.322493 0.397106 0.000000 0.000000 0.397106 0.118205 0.026669 0.000000
0.595747 0.188450 0.337169 0.652709 0.561595 0.880073 0.360506 0.763742 0.334845 0.317386 0.542312 0.255573 0.666534 0.004837 0.770068 0.533834 0.630561 0.638198 0.166178 0.535022 0.661054 0.146314 0.291977 0.696182 0.403728 0.351330 1.000000 0.601349 0.463348 0.618701 0.309292 0.696600 0.291977 0.004837 0.505467 0.322938 0.508049 0.324108 0.175087 0.670820 0.555655 0.526925 0.291977 0.614723 0.622442 0.483175 0.832131 0.647347 0.271624 0.686459 0.739938 0.719682 0.765171 0.533210 0.342146 0.720213 0.562916 0.508012 0.580541 0.614196 0.403704 0.370865 0.804453 0.862852 0.527297 0.827545 0.539666 0.631849 0.471619 0.723677 0.405032 0.361708 0.430734 0.132045 0.610662 0.551265 0.622044 0.735681 0.358396 0.372089 0.391530 0.701488 0.526839 0.674594 0.398785 0.147411 0.004837 0.349011 0.309292 0.701174 0.714655 0.753168 0.368565 0.147411 0.334845 0.490482 0.147412 0.791079 0.353317 0.384859
0.509416 0.065308 0.188741 0.787907 0.180357 0.830785 0.000051 0.794339 0.000000 0.000000 0.159050 0.056973 0.722104 0.000113 0.489313 0.670747 0.367820 0.430337 0.000017 0.751514 0.959517 0.000106 0.103100 0.207564 0.000000 0.000061 0.601349 1.000000 0.000038 0.599380 0.641631 0.653160 0.103100 0.000113 0.125218 0.000000 0.000036 0.404982 0.000017 0.746773 0.715333 0.404012 0.103100 0.506415 0.701275 0.392141 0.719557 0.681223 0.000181 0.749440 0.725081 0.538446 0.831918 0.291245 0.000056 0.537671 0.386108 0.088226 0.587870 0.038929 0.408275 0.226865 0.726005 0.718586 0.000007 0.430705 0.877147 0.665446 0.140327 0.629070 0.000000 0.000003 0.051566 0.045192 0.047779 0.183947 0.657092 0.342354 0.311832 0.001282 0.000000 0.440997 0.219540 0.314856 0.000000 0.000000 0.000113 0.420648 0.641631 0.587258 0.199891 0.301423 0.000006 0.000000 0.000000 0.760052 0.000000 0.477725 0.662146 0.000000
0.163507 0.259388 0.098599 0.229120 0.726450 0.397260 0.910148 0.275587 0.000000 0.405655 0.253401 0.243161 0.000186 0.334919 0.502845 0.004558 0.059057 0.000000 0.000000 0.000000 0.000000 0.313586 0.000000 0.783006 0.000000 0.811591 0.463348 0.000038 1.000000 0.139269 0.000000 0.164156 0.000000 0.334919 0.395315 0.423870 0.098349 0.000000 0.000000 0.213926 0.000064 0.041176 0.000000 0.104518 0.326216 0.505414 0.213151 0.650416 0.303154 0.481015 0.382446 0.473193 0.277067 0.000000 0.904431 0.088760 0.000000 0.889616 0.257122 0.224302 0.000000 0.260481 0.298391 0.290801 0.767481 0.567008 0.094097 0.000000 0.484126 0.367337 0.000027 0.000000 0.171187 0.301190 0.337946 0.092746 0.000017 0.441405 0.000000 0.104759 0.850455 0.000000 0.427575 0.429443 0.348051 0.000000 0.334919 0.275473 0.000000 0.291855 0.668993 0.313926 0.058352 0.000000 0.000000 0.000000 0.000000 0.204518 0.000007 0.395159
0.680722 0.302032 0.518714 0.537930 0.116151 0.581377 0.195952 0.505003 0.500356 0.000000 0.232825 0.433029 0.811947 0.389973 0.369488 0.745485 0.550931 0.752001 0.127997 0.697140 0.717981 0.365152 0.000010 0.362443 0.000055 0.372141 0.618701 0.599380 0.139269 1.000000 0.188487 0.363134 0.000010 0.389973 0.281446 0.340146 0.521264 0.218247 0.141353 0.819348 0.401309 0.534754 0.000010 0.366714 0.745951 0.607175 0.520798 0.546914 0.513398 0.787928 0.781435 0.500202 0.628540 0.706807 0.202667 0.655810 0.502617 0.149543 0.486833 0.057293 0.446035 0.205215 0.615403 0.572656 0.009217 0.300814 0.618335 0.784953 0.540218 0.861420 0.001052 0.515946 0.199410 0.350704 0.004094 0.153972 0.695069 0.455232 0.644236 0.725109 0.010182 0.550574 0.478720 0.632431 0.340676 0.386496 0.389973 0.564376 0.188487 0.781550 0.231205 0.425908 0.571612 0.386496 0.500356 0.629422 0.386497 0.703915 0.252472 0.113086
0.000000 0.000000 0.000000 0.334123 0.000000 0.497609 0.000000 0.329738 0.000000 0.000000 0.000000 0.000000 0.511253 0.000000 0.000000 0.000000 0.107793 0.000000 0.000000 0.000000 0.447332 0.000000 0.000000 0.000000 0.000000 0.000000 0.309292 0.641631 0.000000 0.188487 1.000000 0.715496 0.000000 0.000000 0.000000 0.000000 0.000000 0.631155 0.000000 0.304311 0.874508 0.495545 0.000000 0.432065 0.000000 0.000000 0.422133 0.589089 0.000000 0.284005 0.454802 0.003767 0.232902 0.000000 0.000000 0.408795 0.000000 0.128226 0.000000 0.000000 0.000000 0.347288 0.608694 0.161661 0.000000 0.269258 0.773746 0.000000 0.044826 0.000078 0.000000 0.000000 0.000000 0.000000 0.000000 0.000000 0.090644 0.288194 0.000000 0.000000 0.000000 0.000101 0.000000 0.000000 0.000000 0.000000 0.000000 0.200682 1.000000 0.225340 0.000061 0.000823 0.000000 0.000000 0.000000 0.000000 0.000000 0.000046 0.992467 0.000000
0.431463 0.000011 0.319758 0.660192 0.043662 0.632437 0.000084 0.569887 0.000458 0.404501 0.134897 0.054145 0.586198 0.000014 0.281308 0.295797 0.287811 0.454254 0.016827 0.252544 0.541499 0.168642 0.000000 0.388383 0.480164 0.066989 0.696600 0.653160 0.164156 0.363134 0.715496 1.000000 0.000000 0.000014 0.416300 0.146146 0.263812 0.464641 0.016833 0.473169 0.884872 0.672881 0.000000 0.654512 0.256895 0.122888 0.672569 0.640785 0.171273 0.499454 0.525121 0.245280 0.513298 0.105255 0.000071 0.593113 0.160709 0.399999 0.453889 0.554399 0.151341 0.265131 0.797362 0.611344 0.206979 0.456833 0.685989 0.218160 0.304067 0.295235 0.480307 0.003882 0.335968 0.000013 0.380342 0.524803 0.336072 0.648186 0.258048 0.102968 0.000074 0.496684 0.503163 0.377147 0.277835 0.168533 0.000014 0.227084 0.715496 0.654893 0.280389 0.644688 0.201658 0.168533 0.000458 0.255344 0.168533 0.285538 0.731559 0.394147
0.000000 0.632600 0.000000 0.000000 0.491151 0.335114 0.000000 0.482557 0.000000 0.000000 0.553940 0.551761 0.198441 0.000000 0.489189 0.000000 0.732415 0.000000 0.000000 0.000000 0.132187 0.000000 1.000000 0.000000 0.000000 0.000000 0.291977 0.103100 0.000000 0.000010 0.000000 0.000000 1.000000 0.000000 0.000000 0.000000 0.000000 0.000000 0.000000 0.157642 0.037928 0.000970 1.000000 0.000000 0.000012 0.342570 0.621005 0.000070 0.000220 0.000328 0.184445 0.548615 0.256758 0.000000 0.000000 0.000001 0.815164 0.000000 0.000000 0.377517 0.000307 0.000000 0.000278 0.310596 0.000000 0.474079 0.000000 0.162451 0.378587 0.225271 0.000000 0.000000 0.499243 0.437348 0.463421 0.000000 0.349287 0.109560 0.000000 0.010542 0.000000 0.000000 0.000000 0.000000 0.000000 0.000000 0.000000 0.419894 0.000000 0.000003 0.668934 0.011164 0.000000 0.000000 0.000000 0.000000 0.000000 0.366133 0.000000 0.000000
0.488182 0.774479 0.000000 0.000000 0.000000 0.000009 0.447322 0.000000 0.000000 0.000000 0.000000 0.726030 0.000556 1.000000 0.000000 0.013559 0.017269 0.000000 0.000000 0.000000 0.000001 0.936304 0.000000 0.041751 0.000000 0.541349 0.004837 0.000113 0.334919 0.389973 0.000000 0.000014 0.000000 1.000000 0.000000 0.000000 0.293643 0.000000 0.000000 0.473039 0.000192 0.000345 0.000000 0.000001 0.233696 0.732765 0.061544 0.459958 0.865925 0.392009 0.492385 0.250682 0.000000 0.000000 0.497041 0.122309 0.000000 0.294062 0.000000 0.003038 0.000000 0.049755 0.000000 0.078180 0.000000 0.000009 0.280953 0.000000 0.594059 0.325966 0.000000 0.000000 0.511128 0.899292 0.000000 0.000000 0.000049 0.455635 0.000001 0.312789 0.000000 0.000000 0.657749 0.070561 0.000000 0.000000 1.000000 0.822507 0.000000 0.293016 0.230514 0.154434 0.000000 0.000000 0.000000 0.000000 0.000000 0.000000 0.000000 0.000000
0.157539 0.000000 0.265273 0.645640 0.049082 0.258287 0.030471 0.472443 0.344262 0.923071 0.059847 0.011800 0.210818 0.000000 0.109638 0.156062 0.267812 0.192081 0.040983 0.214356 0.203388 0.000000 0.000000 0.338401 0.000000 0.018185 0.505467 0.125218 0.395315 0.281446 0.000000 0.416300 0.000000 0.000000 1.000000 0.012229 0.270675 0.031789 0.050189 0.174933 0.032581 0.061367 0.000000 0.318073 0.256052 0.092152 0.271622 0.344200 0.121136 0.273973 0.191338 0.115159 0.461676 0.363810 0.021291 0.348071 0.145942 0.714039 0.712510 0.521594 0.123058 0.044439 0.133484 0.357453 0.022188 0.109915 0.102800 0.311070 0.221723 0.358592 0.000381 0.345382 0.000008 0.000000 0.009750 0.042701 0.137468 0.215287 0.091358 0.245948 0.024536 0.223115 0.543118 0.128983 0.010041 0.000000 0.000000 0.053865 0.000000 0.577656 0.305525 0.587562 0.292161 0.000000 0.344262 0.164749 0.000000 0.488512 0.013675 0.976993
0.000003 0.000000 0.812923 0.000010 0.425744 0.211236 0.445588 0.070480 0.000001 0.000000 0.261567 0.253551 0.487011 0.000000 0.294689 0.339892 0.399192 0.564719 0.000000 0.000000 0.000000 0.000000 0.000000 0.753405 0.000000 0.713643 0.322938 0.000000 0.423870 0.340146 0.000000 0.146146 0.000000 0.000000 0.012229 1.000000 0.000001 0.000000 0.000000 0.095937 0.251012 0.702708 0.000000 0.000000 0.132843 0.152370 0.242795 0.222146 0.007699 0.391322 0.127486 0.228109 0.088225 0.000001 0.432479 0.000024 0.303958 0.283667 0.000000 0.031125 0.000000 0.142899 0.496713 0.101438 0.449766 0.332290 0.000000 0.000000 0.648646 0.313977 0.000000 0.000001 0.000023 0.000000 0.198051 0.054353 0.366835 0.140437 0.788352 0.497964 0.498404 0.000000 0.000009 0.832840 0.958760 0.866945 0.000000 0.000000 0.000000 0.414122 0.283910 0.040220 0.704026 0.866945 0.000001 0.000000 0.866945 0.079495 0.058206 0.000000
0.541524 0.227420 0.000001 0.000003 0.000044 0.224159 0.150271 0.000002 0.763047 0.000005 0.219129 0.269267 0.288163 0.293643 0.151013 0.054508 0.251071 0.444727 0.194745 0.114055 0.134262 0.465234 0.000000 0.154013 0.541855 0.158970 0.508049 0.000036 0.098349 0.521264 0.000000 0.263812 0.000000 0.293643 0.270675 0.000001 1.000000 0.151055 0.215113 0.362880 0.180467 0.278065 0.000000 0.316342 0.177486 0.249977 0.192068 0.136903 0.714944 0.129232 0.448280 0.165585 0.060415 0.709893 0.145952 0.667021 0.178388 0.086354 0.000003 0.426371 0.164271 0.188526 0.326091 0.299101 0.233471 0.325658 0.155124 0.377816 0.237960 0.314691 0.543357 0.786731 0.529196 0.264071 0.429174 0.523137 0.078449 0.662053 0.052675 0.672726 0.000000 0.675744 0.504540 0.308433 0.147916 0.000000 0.293643 0.241523 0.000000 0.275201 0.254699 0.618203 0.392895 0.000000 0.763047 0.000000 0.000002 0.592887 0.028119 0.172472
0.000000 0.000000 0.000000 0.210883 0.000113 0.314069 0.000008 0.208116 0.000000 0.000000 0.575456 0.223337 0.324354 0.000000 0.000000 0.201243 0.276157 0.002788 0.775656 0.000000 0.282336 0.000000 0.000000 0.000000 0.000000 0.000026 0.324108 0.404982 0.000000 0.218247 0.631155 0.464641 0.000000 0.000000 0.031789 0.000000 0.151055 1.000000 0.775378 0.466509 0.551950 0.387420 0.000000 0.851241 0.000013 0.138631 0.339416 0.371826 0.000036 0.235491 0.509150 0.002505 0.146997 0.324294 0.000000 0.731965 0.000000 0.080933 0.000000 0.255668 0.654277 0.910657 0.384214 0.113569 0.000000 0.169944 0.694766 0.000000 0.028292 0.000623 0.006047 0.158265 0.000000 0.000000 0.000000 0.002892 0.349631 0.373557 0.000002 0.267363 0.000000 0.000064 0.064588 0.031480 0.000000 0.000000 0.000000 0.126661 0.631155 0.295653 0.000039 0.000519 0.295858 0.000000 0.000000 0.000000 0.000004 0.000029 0.700958 0.000000
0.003667 0.000000 0.000000 0.000000 0.000145 0.004725 0.000674 0.000000 0.026784 0.000000 0.741629 0.287830 0.012252 0.000000 0.000000 0.259356 0.275008 0.011268 0.999641 0.004004 0.004713 0.000000 0.000000 0.000000 0.000000 0.000033 0.175087 0.000017 0.000000 0.141353 0.000000 0.016833 0.000000 0.000000 0.050189 0.000000 0.215113 0.775378 1.000000 0.356898 0.000000 0.099137 0.000000 0.745604 0.003837 0.178663 0.094438 0.000072 0.009440 0.072480 0.292734 0.000165 0.002118 0.440000 0.000000 0.622847 0.006260 0.000003 0.000000 0.329497 0.843212 0.891137 0.004101 0.016207 0.000000 0.003753 0.266747 0.013262 0.000003 0.008420 0.007793 0.230188 0.000000 0.000000 0.000000 0.003727 0.376862 0.250581 0.001852 0.362602 0.000000 0.009923 0.084834 0.044256 0.000000 0.000000 0.000000 0.000000 0.000000 0.200323 0.001449 0.006234 0.392477 0.000000 0.026784 0.000000 0.000006 0.018090 0.096417 0.006054
0.782988 0.466083 0.244338 0.634034 0.252682 0.714158 0.272155 0.680027 0.119691 0.001773 0.489253 0.553832 0.620500 0.473039 0.554593 0.748503 0.522652 0.531156 0.353819 0.714148 0.788449 0.484221 0.157642 0.324168 0.117635 0.333065 0.670820 0.746773 0.213926 0.819348 0.304311 0.473169 0.157642 0.473039 0.174933 0.095937 0.362880 0.466509 0.356898 1.000000 0.471938 0.376806 0.157642 0.645311 0.794578 0.814064 0.702241 0.707295 0.494606 0.863991 0.944586 0.699898 0.740560 0.516333 0.291009 0.744295 0.462160 0.221609 0.545770 0.259628 0.676713 0.466886 0.609808 0.750907 0.108815 0.457569 0.818443 0.685873 0.495853 0.817741 0.120390 0.189366 0.402824 0.494345 0.191821 0.292179 0.769829 0.659665 0.364125 0.394604 0.064409 0.538216 0.606183 0.475127 0.122578 0.073632 0.473039 0.746570 0.304311 0.751544 0.411019 0.472463 0.244984 0.073633 0.119691 0.704168 0.073634 0.573575 0.365930 0.028780
0.313103 0.024142 0.320604 0.441423 0.052395 0.626993 0.000086 0.445351 0.000000 0.000000 0.131163 0.105746 0.714482 0.000192 0.225541 0.288044 0.313682 0.439053 0.000000 0.195543 0.567648 0.117109 0.037928 0.265845 0.332950 0.115081 0.555655 0.715333 0.000064 0.401309 0.874508 0.884872 0.037928 0.000192 0.032581 0.251012 0.180467 0.551950 0.000000 0.471938 1.000000 0.790472 0.037928 0.542602 0.182515 0.105956 0.640408 0.594436 0.118815 0.470282 0.551148 0.205394 0.384143 0.075780 0.000095 0.533180 0.211051 0.113731 0.152963 0.246711 0.106232 0.304954 0.856398 0.449263 0.143461 0.442251 0.775746 0.174952 0.289556 0.231171 0.332939 0.000000 0.251997 0.016760 0.281288 0.368865 0.364582 0.527539 0.344427 0.166806 0.000000 0.356338 0.210694 0.388079 0.342967 0.289536 0.000192 0.256241 0.874508 0.497806 0.149083 0.322036 0.235126 0.289536 0.000000 0.197765 0.289536 0.176040 0.893953 0.000006
0.266839 0.000881 0.762104 0.250908 0.061052 0.411245 0.046027 0.250003 0.109239 0.000000 0.248304 0.257440 0.790250 0.000345 0.184776 0.431677 0.501530 0.740577 0.096246 0.128145 0.339057 0.114306 0.000970 0.489832 0.324563 0.346826 0.526925 0.404012 0.041176 0.534754 0.495545 0.672881 0.000970 0.000345 0.061367 0.702708 0.278065 0.387420 0.099137 0.376806 0.790472 1.000000 0.000970 0.422472 0.132878 0.085625 0.529290 0.359192 0.155006 0.449380 0.391357 0.151005 0.230492 0.173545 0.042065 0.452875 0.345746 0.092003 0.087469 0.276601 0.141925 0.272547 0.801705 0.324687 0.183415 0.343510 0.468750 0.150765 0.564138 0.308905 0.325303 0.126579 0.227766 0.000734 0.276704 0.345910 0.499533 0.445251 0.765774 0.556497 0.048280 0.341562 0.196997 0.730826 0.789886 0.782800 0.000345 0.137112 0.495545 0.627109 0.140990 0.311146 0.718018 0.782800 0.109239 0.113087 0.782801 0.193757 0.558734 0.024695
0.000000 0.632600 0.000000 0.000000 0.491151 0.335114 0.000000 0.482557 0.000000 0.000000 0.553940 0.551761 0.198441 0.000000 0.489189 0.000000 0.732415 0.000000 0.000000 0.000000 0.132187 0.000000 1.000000 0.000000 0.000000 0.000000 0.291977 0.103100 0.000000 0.000010 0.000000 0.000000 1.000000 0.000000 0.000000 0.000000 0.000000 0.000000 0.000000 0.157642 0.037928 0.000970 1.000000 0.000000 0.000012 0.342570 0.621005 0.000070 0.000220 0.000328 0.184445 0.548615 0.256758 0.000000 0.000000 0.000001 0.815164 0.000000 0.000000 0.377517 0.000307 0.000000 0.000278 0.310596 0.000000 0.474079 0.000000 0.162451 0.378587 0.225271 0.000000 0.000000 0.499243 0.437348 0.463421 0.000000 0.349287 0.109560 0.000000 0.010542 0.000000 0.000000 0.000000 0.000000 0.000000 0.000000 0.000000 0.419894 0.000000 0.000003 0.668934 0.011164 0.000000 0.000000 0.000000 0.000000 0.000000 0.366133 0.000000 0.000000
0.373220 0.000001 0.137501 0.517403 0.051579 0.479772 0.000008 0.452578 0.000000 0.257650 0.637304 0.214762 0.370722 0.000001 0.262107 0.459622 0.369305 0.304725 0.745872 0.298139 0.454664 0.110887 0.000000 0.241618 0.315741 0.000025 0.614723 0.506415 0.104518 0.366714 0.432065 0.654512 0.000000 0.000001 0.318073 0.000000 0.316342 0.851241 0.745604 0.645311 0.542602 0.422472 0.000000 1.000000 0.291726 0.274832 0.538792 0.449609 0.112555 0.440790 0.610957 0.245528 0.441277 0.427380 0.000001 0.870587 0.119856 0.252802 0.396529 0.598192 0.791106 0.816737 0.518728 0.507274 0.136059 0.326733 0.683807 0.257350 0.140990 0.275131 0.321563 0.152188 0.220922 0.000001 0.250081 0.380167 0.546598 0.620965 0.123712 0.257158 0.000000 0.404006 0.426351 0.257047 0.086191 0.000000 0.000001 0.185294 0.432065 0.588215 0.205113 0.472535 0.321560 0.000000 0.000000 0.301527 0.000004 0.263477 0.510561 0.250989
0.751941 0.181000 0.241857 0.725820 0.385146 0.721875 0.346364 0.704805 0.142651 0.052434 0.203164 0.169682 0.507420 0.233696 0.690360 0.817390 0.317947 0.563274 0.000017 0.933588 0.824901 0.218817 0.000012 0.480503 0.000019 0.324044 0.622442 0.701275 0.326216 0.745951 0.000000 0.256895 0.000012 0.233696 0.256052 0.132843 0.177486 0.000013 0.003837 0.794578 0.182515 0.132878 0.000012 0.291726 1.000000 0.685778 0.529444 0.609744 0.256589 0.878354 0.720658 0.762573 0.871153 0.471033 0.347437 0.433125 0.400031 0.267299 0.746853 0.029596 0.495565 0.092928 0.522307 0.798993 0.240544 0.451489 0.531624 0.858090 0.299980 0.923406 0.000023 0.139653 0.119513 0.210166 0.105935 0.252380 0.683346 0.383601 0.388381 0.169335 0.266536 0.588111 0.455420 0.545500 0.109086 0.000000 0.233696 0.493878 0.000000 0.644664 0.386131 0.479674 0.067113 0.000000 0.142651 0.922630 0.000000 0.681820 0.032530 0.083318
0.672271 0.784221 0.116554 0.354176 0.509525 0.538911 0.601103 0.537697 0.000000 0.000000 0.476388 0.772487 0.299489 0.732765 0.619362 0.470510 0.449308 0.266389 0.178727 0.464084 0.452155 0.686091 0.342570 0.391815 0.000000 0.623257 0.483175 0.392141 0.505414 0.607175 0.000000 0.122888 0.342570 0.732765 0.092152 0.152370 0.249977 0.138631 0.178663 0.814064 0.105956 0.085625 0.342570 0.274832 0.685778 1.000000 0.553574 0.660559 0.639363 0.754184 0.809137 0.807648 0.547181 0.254573 0.629492 0.368884 0.465786 0.393132 0.363029 0.190464 0.402958 0.285910 0.314499 0.588480 0.275886 0.495339 0.488499 0.456243 0.680616 0.763665 0.001393 0.036467 0.545585 0.808792 0.280237 0.147599 0.534688 0.590520 0.192567 0.294512 0.305716 0.272290 0.632389 0.399265 0.125115 0.000000 0.732765 0.900005 0.000000 0.523484 0.652978 0.326748 0.068172 0.000000 0.000000 0.469357 0.000001 0.445868 0.032835 0.000000
0.516104 0.440512 0.361724 0.630756 0.507019 0.857126 0.148882 0.886021 0.014118 0.190889 0.585229 0.473572 0.707003 0.061544 0.750582 0.551185 0.797208 0.533903 0.094094 0.502533 0.712139 0.151537 0.621005 0.457844 0.267412 0.213939 0.832131 0.719557 0.213151 0.520798 0.422133 0.672569 0.621005 0.061544 0.271622 0.242795 0.192068 0.339416 0.094438 0.702241 0.640408 0.529290 0.621005 0.538792 0.529444 0.553574 1.000000 0.594701 0.155792 0.655343 0.708591 0.784296 0.779233 0.244898 0.148031 0.533303 0.781590 0.297707 0.512448 0.556273 0.351394 0.275174 0.709049 0.842767 0.237370 0.747442 0.622810 0.539832 0.567315 0.670661 0.268150 0.033019 0.528613 0.326941 0.553371 0.395415 0.753540 0.589900 0.392534 0.184007 0.135343 0.492863 0.416086 0.509427 0.304472 0.202249 0.061544 0.561564 0.422133 0.653503 0.717107 0.516735 0.233486 0.202249 0.014118 0.506108 0.202250 0.622138 0.458629 0.189145
0.492597 0.356272 0.169346 0.661162 0.448841 0.759092 0.604276 0.647778 0.001775 0.289179 0.186481 0.333989 0.498195 0.459958 0.494154 0.358283 0.227038 0.226732 0.000025 0.394686 0.609636 0.430970 0.000070 0.554196 0.000882 0.579323 0.647347 0.681223 0.650416 0.546914 0.589089 0.640785 0.000070 0.459958 0.344200 0.222146 0.136903 0.371826 0.000072 0.707295 0.594436 0.359192 0.000070 0.449609 0.609744 0.660559 0.594701 1.000000 0.406145 0.840146 0.826338 0.573330 0.650748 0.154324 0.615377 0.476740 0.159006 0.686495 0.491829 0.161194 0.214274 0.357380 0.691610 0.593538 0.402617 0.566145 0.784866 0.341349 0.503880 0.613900 0.000902 0.001743 0.235769 0.413667 0.177845 0.146000 0.348899 0.618263 0.163783 0.145155 0.445715 0.232774 0.565996 0.410909 0.182651 0.000000 0.459958 0.626989 0.589089 0.638189 0.505562 0.403845 0.042348 0.000000 0.001775 0.398902 0.000000 0.352465 0.597982 0.282098
0.663918 0.670780 0.000021 0.000064 0.013327 0.127425 0.409852 0.002349 0.350708 0.000007 0.053853 0.628822 0.132740 0.865925 0.108583 0.011823 0.104282 0.248730 0.000046 0.052500 0.061808 0.935893 0.000220 0.141158 0.356285 0.480215 0.271624 0.000181 0.303154 0.513398 0.000000 0.171273 0.000220 0.865925 0.121136 0.007699 0.714944 0.000036 0.009440 0.494606 0.118815 0.155006 0.000220 0.112555 0.256589 0.639363 0.155792 0.406145 1.000000 0.344750 0.556789 0.284767 0.030640 0.288905 0.443804 0.374845 0.082208 0.263433 0.000065 0.240289 0.000082 0.047758 0.196980 0.243085 0.167453 0.203400 0.252896 0.173753 0.559833 0.386663 0.356275 0.343339 0.691982 0.778816 0.288435 0.345204 0.003494 0.694441 0.024243 0.506997 0.015447 0.388420 0.754689 0.231711 0.103581 0.000000 0.865925 0.712348 0.000000 0.338245 0.323360 0.476531 0.146458 0.000000 0.350708 0.000079 0.000000 0.290435 0.004327 0.079276
0.691436 0.303810 0.462600 0.743459 0.417101 0.767102 0.478435 0.723001 0.000000 0.151399 0.288502 0.380681 0.656509 0.392009 0.631469 0.783188 0.414128 0.589816 0.072506 0.737795 0.773927 0.367039 0.000328 0.634109 0.000000 0.565309 0.686459 0.749440 0.481015 0.787928 0.284005 0.499454 0.000328 0.392009 0.273973 0.391322 0.129232 0.235491 0.072480 0.863991 0.470282 0.449380 0.000328 0.440790 0.878354 0.754184 0.655343 0.840146 0.344750 1.000000 0.836348 0.725373 0.817494 0.316236 0.489008 0.496513 0.386745 0.465061 0.673103 0.117758 0.461937 0.283905 0.716333 0.753086 0.305936 0.507893 0.722881 0.636909 0.586033 0.881645 0.000575 0.014794 0.200573 0.352674 0.134863 0.217830 0.714379 0.536287 0.539376 0.295086 0.339004 0.432912 0.556701 0.677503 0.362044 0.256488 0.392009 0.623527 0.284005 0.822548 0.452262 0.454636 0.257722 0.256488 0.000000 0.746178 0.256488 0.511825 0.330941 0.147482
0.701577 0.498022 0.135324 0.563173 0.402135 0.800459 0.454957 0.657308 0.242685 0.000000 0.479847 0.541702 0.629348 0.492385 0.588413 0.561878 0.491011 0.427287 0.286337 0.575100 0.742928 0.501693 0.184445 0.394658 0.115809 0.456130 0.739938 0.725081 0.382446 0.781435 0.454802 0.525121 0.184445 0.492385 0.191338 0.127486 0.448280 0.509150 0.292734 0.944586 0.551148 0.391357 0.184445 0.610957 0.720658 0.809137 0.708591 0.826338 0.556789 0.836348 1.000000 0.706852 0.688118 0.528411 0.466690 0.763756 0.423662 0.352936 0.421495 0.242726 0.534280 0.513979 0.688891 0.705884 0.280731 0.611093 0.845974 0.615233 0.507557 0.767654 0.118038 0.296003 0.424807 0.523465 0.278845 0.272503 0.618296 0.735258 0.240333 0.418162 0.255789 0.490103 0.572893 0.464915 0.136296 0.000000 0.492385 0.751880 0.454802 0.660716 0.520678 0.454975 0.210551 0.000000 0.242685 0.544947 0.000002 0.604264 0.500065 0.054851
0.637094 0.541202 0.156643 0.477257 0.768062 0.803582 0.521314 0.773073 0.000000 0.000000 0.548352 0.484754 0.421006 0.250682 0.950517 0.560116 0.591914 0.427727 0.000165 0.623710 0.621025 0.294305 0.548615 0.576004 0.169681 0.474898 0.719682 0.538446 0.473193 0.500202 0.003767 0.245280 0.548615 0.250682 0.115159 0.228109 0.165585 0.002505 0.000165 0.699898 0.205394 0.151005 0.548615 0.245528 0.762573 0.807648 0.784296 0.573330 0.284767 0.725373 0.706852 1.000000 0.767221 0.241778 0.521739 0.313857 0.697918 0.339599 0.487896 0.321064 0.339112 0.148568 0.507308 0.841074 0.486131 0.808247 0.389305 0.627502 0.542890 0.817973 0.169677 0.000034 0.520769 0.465372 0.570503 0.366169 0.660795 0.542039 0.258802 0.084378 0.457679 0.489032 0.425259 0.552135 0.233626 0.000000 0.250682 0.643544 0.003767 0.465890 0.839648 0.454303 0.000063 0.000000 0.000000 0.630797 0.000000 0.663271 0.024795 0.000003
0.589316 0.162425 0.290144 0.905263 0.424620 0.860863 0.160217 0.950444 0.079094 0.311901 0.310743 0.141669 0.624100 0.000000 0.728684 0.761702 0.527553 0.511400 0.000000 0.865237 0.900245 0.000040 0.256758 0.463492 0.000112 0.131188 0.765171 0.831918 0.277067 0.628540 0.232902 0.513298 0.256758 0.000000 0.461676 0.088225 0.060415 0.146997 0.002118 0.740560 0.384143 0.230492 0.256758 0.441277 0.871153 0.547181 0.779233 0.650748 0.030640 0.817494 0.688118 0.767221 1.000000 0.395872 0.153600 0.480194 0.570810 0.373452 0.865279 0.268687 0.463661 0.136190 0.596874 0.889667 0.159811 0.550990 0.614628 0.817530 0.298670 0.852391 0.000133 0.077430 0.128305 0.112292 0.189416 0.228302 0.750036 0.361651 0.359574 0.056134 0.177014 0.530126 0.413350 0.452922 0.072474 0.000000 0.000000 0.436746 0.232902 0.711626 0.508122 0.525040 0.077892 0.000000 0.079094 0.863111 0.000000 0.728244 0.260907 0.321707
0.369550 0.000000 0.095154 0.289142 0.065459 0.385763 0.020422 0.268721 0.823634 0.000000 0.361565 0.120382 0.499671 0.000000 0.221261 0.446627 0.433360 0.454482 0.418089 0.501988 0.477085 0.000000 0.000000 0.104641 0.000000 0.000014 0.533210 0.291245 0.000000 0.706807 0.000000 0.105255 0.000000 0.000000 0.363810 0.000001 0.709893 0.324294 0.440000 0.516333 0.075780 0.173545 0.000000 0.427380 0.471033 0.254573 0.244898 0.154324 0.288905 0.316236 0.528411 0.241778 0.395872 1.000000 0.000000 0.764336 0.344800 0.002985 0.296375 0.137809 0.558474 0.374732 0.293928 0.341261 0.000003 0.220811 0.325616 0.734856 0.036618 0.541906 0.003259 0.891614 0.000018 0.000000 0.000000 0.094296 0.441412 0.286812 0.214069 0.698733 0.000000 0.527428 0.194490 0.289020 0.000000 0.000000 0.000000 0.125282 0.000000 0.385449 0.110542 0.342799 0.503383 0.000000 0.823634 0.383181 0.000003 0.778076 0.063112 0.186150
0.242652 0.384947 0.000000 0.000018 0.741205 0.367769 0.998111 0.122707 0.000000 0.000000 0.258530 0.360866 0.000276 0.497041 0.513058 0.006739 0.008583 0.000000 0.000000 0.000000 0.000000 0.465381 0.000000 0.682218 0.000000 0.912156 0.342146 0.000056 0.904431 0.202667 0.000000 0.000071 0.000000 0.497041 0.021291 0.432479 0.145952 0.000000 0.000000 0.291009 0.000095 0.042065 0.000000 0.000001 0.347437 0.629492 0.148031 0.615377 0.443804 0.489008 0.466690 0.521739 0.153600 0.000000 1.000000 0.060833 0.000000 0.640028 0.000000 0.001510 0.000000 0.273499 0.304451 0.215454 0.783048 0.578526 0.139645 0.000000 0.496419 0.370438 0.000000 0.000000 0.254052 0.446985 0.344810 0.094630 0.000024 0.466983 0.000000 0.155469 0.867727 0.000000 0.326943 0.449125 0.355120 0.000000 0.497041 0.408819 0.000000 0.145855 0.608727 0.146778 0.000000 0.000000 0.000000 0.000000 0.000000 0.138399 0.000007 0.000000
0.533343 0.094726 0.118578 0.476445 0.061969 0.572352 0.065898 0.433941 0.449292 0.117726 0.544963 0.264737 0.557795 0.122309 0.296286 0.479903 0.446023 0.466002 0.611033 0.425366 0.575970 0.224233 0.000001 0.220837 0.312407 0.066267 0.720213 0.537671 0.088760 0.655810 0.408795 0.593113 0.000001 0.122309 0.348071 0.000024 0.667021 0.731965 0.622847 0.744295 0.533180 0.452875 0.000001 0.870587 0.433125 0.368884 0.533303 0.476740 0.374845 0.496513 0.763756 0.313857 0.480194 0.764336 0.060833 1.000000 0.249016 0.180356 0.354828 0.474877 0.709997 0.694870 0.598172 0.547123 0.134659 0.398822 0.706955 0.531664 0.187702 0.473587 0.317169 0.564515 0.281108 0.109992 0.247460 0.391158 0.538624 0.687646 0.179652 0.551451 0.000047 0.603279 0.466830 0.346135 0.085300 0.000000 0.122309 0.301086 0.408795 0.603715 0.230137 0.550728 0.437604 0.000000 0.449292 0.362278 0.000004 0.577863 0.482065 0.216230
0.298376 0.515673 0.427452 0.299892 0.468203 0.563817 0.005794 0.672075 0.233736 0.000000 0.550587 0.552316 0.642167 0.000000 0.628275 0.488185 0.934379 0.520411 0.000000 0.427899 0.493397 0.000024 0.815164 0.259588 0.000067 0.139229 0.562916 0.386108 0.000000 0.502617 0.000000 0.160709 0.815164 0.000000 0.145942 0.303958 0.178388 0.000000 0.006260 0.462160 0.211051 0.345746 0.815164 0.119856 0.400031 0.465786 0.781590 0.159006 0.082208 0.386745 0.423662 0.697918 0.570810 0.344800 0.000000 0.249016 1.000000 0.003095 0.307394 0.320372 0.213711 0.002103 0.341219 0.569670 0.000032 0.528550 0.205412 0.587357 0.562135 0.645975 0.000067 0.228819 0.407041 0.356511 0.377817 0.096249 0.727426 0.197847 0.498014 0.367431 0.000000 0.317202 0.128702 0.437448 0.305268 0.350608 0.000000 0.472222 0.000000 0.421480 0.626415 0.220275 0.382318 0.350608 0.233736 0.397427 0.350608 0.686379 0.039671 0.052827
0.148778 0.227745 0.185938 0.476279 0.487492 0.378617 0.640377 0.418088 0.000000 0.757029 0.170650 0.213499 0.069547 0.294062 0.341016 0.010893 0.120605 0.004410 0.000003 0.007700 0.064111 0.275331 0.000000 0.673558 0.000000 0.580994 0.508012 0.088226 0.889616 0.149543 0.128226 0.399999 0.000000 0.294062 0.714039 0.283667 0.086354 0.080933 0.000003 0.221609 0.113731 0.092003 0.000000 0.252802 0.267299 0.393132 0.297707 0.686495 0.263433 0.465061 0.352936 0.339599 0.373452 0.002985 0.640028 0.180356 0.003095 1.000000 0.485863 0.417585 0.004185 0.222376 0.281180 0.336346 0.513645 0.416128 0.185733 0.006647 0.477378 0.339351 0.000050 0.000001 0.150304 0.264448 0.226164 0.063953 0.017407 0.429244 0.003195 0.091982 0.569150 0.004531 0.582478 0.295557 0.232926 0.000000 0.294062 0.270147 0.128226 0.480859 0.593820 0.455771 0.108898 0.000000 0.000000 0.007788 0.000000 0.223822 0.127525 0.737441
0.518346 0.000000 0.346133 0.941617 0.132008 0.542889 0.000000 0.785114 0.000000 0.633845 0.103751 0.000000 0.380199 0.000000 0.446620 0.682600 0.310315 0.437929 0.000000 0.764771 0.670489 0.000000 0.000000 0.399853 0.000000 0.000000 0.580541 0.587870 0.257122 0.486833 0.000000 0.453889 0.000000 0.000000 0.712510 0.000000 0.000003 0.000000 0.000000 0.545770 0.152963 0.087469 0.000000 0.396529 0.746853 0.363029 0.512448 0.491829 0.000065 0.673103 0.421495 0.487896 0.865279 0.296375 0.000000 0.354828 0.307394 0.485863 1.000000 0.348888 0.415430 0.004084 0.341337 0.736137 0.000038 0.212751 0.387366 0.660141 0.211279 0.700654 0.000042 0.000000 0.000037 0.000000 0.000000 0.187192 0.572845 0.231600 0.317333 0.000156 0.000000 0.448710 0.547196 0.320401 0.000000 0.000000 0.000000 0.252884 0.000000 0.752805 0.301098 0.607486 0.091177 0.000000 0.000000 0.773460 0.000000 0.555325 0.025794 0.617444
0.362898 0.241170 0.167453 0.310868 0.185485 0.286641 0.001362 0.392930 0.000000 0.550429 0.550223 0.315912 0.095798 0.003038 0.370501 0.099661 0.454320 0.301886 0.329615 0.000002 0.049911 0.237004 0.377517 0.353828 0.666757 0.015913 0.614196 0.038929 0.224302 0.057293 0.000000 0.554399 0.377517 0.003038 0.521594 0.031125 0.426371 0.255668 0.329497 0.259628 0.246711 0.276601 0.377517 0.598192 0.029596 0.190464 0.556273 0.161194 0.240289 0.117758 0.242726 0.321064 0.268687 0.137809 0.001510 0.474877 0.320372 0.417585 0.348888 1.000000 0.278152 0.294370 0.272417 0.535855 0.287314 0.448127 0.088569 0.061330 0.364303 0.167452 0.669342 0.067255 0.656520 0.167839 0.703051 0.644060 0.277493 0.661889 0.032650 0.139168 0.000000 0.483663 0.618007 0.253356 0.213269 0.035902 0.003038 0.161017 0.000000 0.440427 0.578376 0.753723 0.234058 0.035902 0.000000 0.000002 0.035904 0.327078 0.034093 0.536199
0.359950 0.000194 0.133377 0.405292 0.091942 0.337152 0.000009 0.376815 0.000001 0.000000 0.697998 0.243045 0.265900 0.000000 0.310292 0.692841 0.384241 0.307138 0.843515 0.531073 0.465642 0.000000 0.000307 0.146676 0.000000 0.000028 0.403704 0.408275 0.000000 0.446035 0.000000 0.151341 0.000307 0.000000 0.123058 0.000000 0.164271 0.654277 0.843212 0.676713 0.106232 0.141925 0.000307 0.791106 0.495565 0.402958 0.351394 0.214274 0.000082 0.461937 0.534280 0.339112 0.463661 0.558474 0.000000 0.709997 0.213711 0.004185 0.415430 0.278152 1.000000 0.754793 0.237067 0.424507 0.000005 0.147884 0.493465 0.458465 0.051326 0.428764 0.006576 0.172112 0.000179 0.000134 0.000142 0.133134 0.715905 0.311700 0.220365 0.290865 0.000000 0.311594 0.225328 0.256727 0.000000 0.000000 0.000000 0.175737 0.000000 0.479650 0.092679 0.211812 0.321742 0.000000 0.000001 0.537106 0.000005 0.311011 0.098992 0.000000
0.028140 0.038534 0.001323 0.120028 0.245919 0.297729 0.278575 0.158759 0.000000 0.000000 0.747572 0.292808 0.182107 0.049755 0.172718 0.236627 0.279045 0.006440 0.891457 0.005221 0.159931 0.046787 0.000000 0.222217 0.000571 0.239439 0.370865 0.226865 0.260481 0.205215 0.347288 0.265131 0.000000 0.049755 0.044439 0.142899 0.188526 0.910657 0.891137 0.466886 0.304954 0.272547 0.000000 0.816737 0.092928 0.285910 0.275174 0.357380 0.047758 0.283905 0.513979 0.148568 0.136190 0.374732 0.273499 0.694870 0.002103 0.222376 0.004084 0.294370 0.754793 1.000000 0.314575 0.135933 0.258959 0.286332 0.522565 0.004507 0.112161 0.089976 0.007520 0.181893 0.025831 0.044745 0.114374 0.036417 0.371481 0.423910 0.002181 0.322849 0.286690 0.003513 0.108750 0.178871 0.117496 0.000013 0.049755 0.112345 0.347288 0.272405 0.175817 0.033602 0.340038 0.000013 0.000000 0.005281 0.000018 0.048880 0.430540 0.000000
0.527029 0.000176 0.457694 0.536392 0.375174 0.819537 0.317436 0.559947 0.151533 0.000001 0.265830 0.108740 0.793835 0.000000 0.570660 0.535011 0.405019 0.696653 0.000043 0.459003 0.681549 0.136402 0.000278 0.649509 0.388399 0.407448 0.804453 0.726005 0.298391 0.615403 0.608694 0.797362 0.000278 0.000000 0.133484 0.496713 0.326091 0.384214 0.004101 0.609808 0.856398 0.801705 0.000278 0.518728 0.522307 0.314499 0.709049 0.691610 0.196980 0.716333 0.688891 0.507308 0.596874 0.293928 0.304451 0.598172 0.341219 0.281180 0.341337 0.272417 0.237067 0.314575 1.000000 0.684383 0.483975 0.697359 0.696135 0.451729 0.424574 0.562749 0.388388 0.148354 0.271912 0.000122 0.447181 0.519531 0.542814 0.649940 0.529103 0.315367 0.350860 0.593962 0.315481 0.751188 0.572826 0.371238 0.000000 0.266558 0.608694 0.641310 0.388696 0.521438 0.364763 0.371238 0.151533 0.441310 0.371238 0.469456 0.645622 0.034256
0.794068 0.257032 0.245275 0.760094 0.457281 0.852980 0.218161 0.856133 0.050034 0.225651 0.406331 0.232420 0.540159 0.078180 0.835965 0.681649 0.518023 0.629000 0.014872 0.765690 0.786918 0.225555 0.310596 0.548458 0.433821 0.193153 0.862852 0.718586 0.290801 0.572656 0.161661 0.611344 0.310596 0.078180 0.357453 0.101438 0.299101 0.113569 0.016207 0.750907 0.449263 0.324687 0.310596 0.507274 0.798993 0.588480 0.842767 0.593538 0.243085 0.753086 0.705884 0.841074 0.889667 0.341261 0.215454 0.547123 0.569670 0.336346 0.736137 0.535855 0.424507 0.135933 0.684383 1.000000 0.370594 0.719522 0.536415 0.729709 0.391330 0.799844 0.433939 0.052016 0.498581 0.206146 0.568414 0.626090 0.700701 0.662842 0.318070 0.066700 0.203515 0.778105 0.592316 0.567740 0.201719 0.000006 0.078180 0.477879 0.161661 0.682955 0.652879 0.770275 0.059029 0.000006 0.050034 0.766826 0.000006 0.724231 0.188065 0.231128
0.233565 0.000000 0.000014 0.000053 0.770846 0.453674 0.806783 0.127637 0.000000 0.000049 0.328225 0.000000 0.000004 0.000000 0.653654 0.000008 0.000338 0.179211 0.000000 0.000009 0.000011 0.151319 0.000000 0.800641 0.430873 0.668790 0.527297 0.000007 0.767481 0.009217 0.000000 0.206979 0.000000 0.000000 0.022188 0.449766 0.233471 0.000000 0.000000 0.108815 0.143461 0.183415 0.000000 0.136059 0.240544 0.275886 0.237370 0.402617 0.167453 0.305936 0.280731 0.486131 0.159811 0.000003 0.783048 0.134659 0.000032 0.513645 0.000038 0.287314 0.000005 0.258959 0.483975 0.370594 1.000000 0.775581 0.000004 0.000007 0.259645 0.216764 0.430860 0.000000 0.301458 0.000000 0.699864 0.513826 0.003996 0.551006 0.000004 0.000000 0.902413 0.312558 0.198641 0.569624 0.486935 0.000000 0.000000 0.000003 0.000000 0.061397 0.629791 0.387148 0.000007 0.000000 0.000000 0.000009 0.000000 0.205594 0.000008 0.000056
0.422341 0.299910 0.068306 0.297538 0.849298 0.839460 0.599535 0.604735 0.140125 0.000000 0.553750 0.261585 0.419756 0.000009 0.897450 0.242742 0.492812 0.363789 0.000000 0.292919 0.446218 0.141776 0.474079 0.688949 0.403676 0.494111 0.827545 0.430705 0.567008 0.300814 0.269258 0.456833 0.474079 0.000009 0.109915 0.332290 0.325658 0.169944 0.003753 0.457569 0.442251 0.343510 0.474079 0.326733 0.451489 0.495339 0.747442 0.566145 0.203400 0.507893 0.611093 0.808247 0.550990 0.220811 0.578526 0.398822 0.528550 0.416128 0.212751 0.448127 0.147884 0.286332 0.697359 0.719522 0.775581 1.000000 0.349918 0.381161 0.419606 0.526367 0.403664 0.137177 0.519129 0.207346 0.804359 0.528469 0.397453 0.667777 0.122526 0.099401 0.666708 0.504337 0.273847 0.581598 0.383048 0.000000 0.000009 0.343039 0.269258 0.291861 0.860321 0.494863 0.058510 0.000000 0.140125 0.275064 0.000000 0.591541 0.278134 0.031677
0.476522 0.217592 0.124367 0.636439 0.085515 0.704114 0.126355 0.606355 0.027259 0.000000 0.264590 0.280603 0.652766 0.280953 0.289190 0.514824 0.313598 0.292331 0.266113 0.499270 0.785065 0.263058 0.000000 0.148497 0.000000 0.152102 0.539666 0.877147 0.094097 0.618335 0.773746 0.685989 0.000000 0.280953 0.102800 0.000000 0.155124 0.694766 0.266747 0.818443 0.775746 0.468750 0.000000 0.683807 0.531624 0.488499 0.622810 0.784866 0.252896 0.722881 0.845974 0.389305 0.614628 0.325616 0.139645 0.706955 0.205412 0.185733 0.387366 0.088569 0.493465 0.522565 0.696135 0.536415 0.000004 0.349918 1.000000 0.440944 0.249340 0.498808 0.002074 0.080983 0.143627 0.252659 0.000000 0.122200 0.541395 0.516655 0.207359 0.198060 0.000000 0.300721 0.353190 0.241838 0.000000 0.000000 0.280953 0.550108 0.773746 0.603619 0.152513 0.247869 0.112885 0.000000 0.027259 0.500822 0.000002 0.308341 0.810534 0.006161
0.639764 0.102767 0.211944 0.644030 0.225455 0.677381 0.012275 0.676936 0.495141 0.000000 0.204445 0.089634 0.638386 0.000000 0.572301 0.753199 0.495005 0.625130 0.000000 0.917912 0.848458 0.000000 0.162451 0.233076 0.000000 0.000000 0.631849 0.665446 0.000000 0.784953 0.000000 0.218160 0.162451 0.000000 0.311070 0.000000 0.377816 0.000000 0.013262 0.685873 0.174952 0.150765 0.162451 0.257350 0.858090 0.456243 0.539832 0.341349 0.173753 0.636909 0.615233 0.627502 0.817530 0.734856 0.000000 0.531664 0.587357 0.006647 0.660141 0.061330 0.458465 0.004507 0.451729 0.729709 0.000007 0.381161 0.440944 1.000000 0.142927 0.858820 0.000000 0.484724 0.081144 0.071048 0.075283 0.206561 0.688859 0.247886 0.384348 0.335257 0.000000 0.678573 0.275921 0.421678 0.000000 0.000000 0.000000 0.347263 0.000000 0.544901 0.282409 0.453626 0.206748 0.000000 0.495141 0.853490 0.000000 0.887926 0.034563 0.111907
0.417383 0.699581 0.653029 0.209474 0.400237 0.346314 0.472982 0.380197 0.000102 0.216985 0.387908 0.820040 0.490721 0.594059 0.409945 0.333292 0.632126 0.503266 0.000000 0.094288 0.152767 0.597337 0.378587 0.587658 0.117079 0.737583 0.471619 0.140327 0.484126 0.540218 0.044826 0.304067 0.378587 0.594059 0.221723 0.648646 0.237960 0.028292 0.000003 0.495853 0.289556 0.564138 0.378587 0.140990 0.299980 0.680616 0.567315 0.503880 0.559833 0.586033 0.507557 0.542890 0.298670 0.036618 0.496419 0.187702 0.562135 0.477378 0.211279 0.364303 0.051326 0.112161 0.424574 0.391330 0.259645 0.419606 0.249340 0.142927 1.000000 0.577249 0.117089 0.000100 0.574582 0.699807 0.360291 0.161232 0.468225 0.519432 0.598309 0.543104 0.231809 0.140283 0.583114 0.651864 0.662205 0.614931 0.594059 0.687753 0.044826 0.653539 0.627653 0.341286 0.530626 0.614931 0.000102 0.095344 0.614931 0.284439 0.088954 0.211395
0.732511 0.394960 0.440323 0.676464 0.451838 0.740119 0.367658 0.752491 0.286782 0.132856 0.333009 0.426705 0.670655 0.325966 0.712426 0.795812 0.598100 0.679401 0.000739 0.830908 0.771163 0.305203 0.225271 0.550423 0.000000 0.443453 0.723677 0.629070 0.367337 0.861420 0.000078 0.295235 0.225271 0.325966 0.358592 0.313977 0.314691 0.000623 0.008420 0.817741 0.231171 0.308905 0.225271 0.275131 0.923406 0.763665 0.670661 0.613900 0.386663 0.881645 0.767654 0.817973 0.852391 0.541906 0.370438 0.473587 0.645975 0.339351 0.700654 0.167452 0.428764 0.089976 0.562749 0.799844 0.216764 0.526367 0.498808 0.858820 0.577249 1.000000 0.000015 0.280900 0.279120 0.391660 0.199840 0.219085 0.764077 0.449397 0.550552 0.426546 0.240190 0.568608 0.529556 0.661044 0.293389 0.224080 0.325966 0.623294 0.000078 0.757984 0.550572 0.516677 0.321110 0.224080 0.286782 0.796995 0.224080 0.798367 0.045306 0.194235
0.542031 0.000000 0.000016 0.000037 0.000029 0.165244 0.000000 0.000025 0.000000 0.000066 0.143545 0.002245 0.000017 0.000000 0.278689 0.002023 0.002863 0.415930 0.007796 0.000000 0.000009 0.351180 0.000000 0.261615 0.999970 0.000000 0.405032 0.000000 0.000027 0.001052 0.000000 0.480307 0.000000 0.000000 0.000381 0.000000 0.543357 0.006047 0.007793 0.120390 0.332939 0.325303 0.000000 0.321563 0.000023 0.001393 0.268150 0.000902 0.356275 0.000575 0.118038 0.169677 0.000133 0.003259 0.000000 0.317169 0.000067 0.000050 0.000042 0.669342 0.006576 0.007520 0.388388 0.433939 0.430860 0.403664 0.002074 0.000000 0.117089 0.000015 1.000000 0.001591 0.699624 0.000000 0.792022 0.964116 0.012197 0.700193 0.000000 0.002687 0.000000 0.725373 0.461589 0.322946 0.272972 0.000000 0.000000 0.000000 0.000000 0.143482 0.268934 0.729470 0.002983 0.000000 0.000000 0.000000 0.000000 0.143088 0.000749 0.000082
0.134020 0.000000 0.000000 0.000000 0.000030 0.172710 0.024271 0.000000 0.978963 0.000000 0.151376 0.058750 0.369394 0.000000 0.000000 0.052938 0.302786 0.281269 0.204040 0.146329 0.172247 0.000000 0.000000 0.000000 0.000000 0.000007 0.361708 0.000003 0.000000 0.515946 0.000000 0.003882 0.000000 0.000000 0.345382 0.000001 0.786731 0.158265 0.230188 0.189366 0.000000 0.126579 0.000000 0.152188 0.139653 0.036467 0.033019 0.001743 0.343339 0.014794 0.296003 0.000034 0.077430 0.891614 0.000000 0.564515 0.228819 0.000001 0.000000 0.067255 0.172112 0.181893 0.148354 0.052016 0.000000 0.137177 0.080983 0.484724 0.000100 0.280900 0.001591 1.000000 0.000000 0.000000 0.000000 0.000761 0.076923 0.180987 0.067580 0.729455 0.000000 0.362676 0.075270 0.142974 0.000000 0.000000 0.000000 0.000000 0.000000 0.134964 0.052974 0.227842 0.486596 0.000000 0.978963 0.000000 0.000002 0.661184 0.031672 0.221256
0.628797 0.711679 0.000037 0.000036 0.245232 0.282950 0.228639 0.240947 0.000000 0.000000 0.372948 0.646565 0.099393 0.511128 0.439241 0.006983 0.375040 0.291037 0.000000 0.000047 0.066042 0.724281 0.499243 0.204395 0.699646 0.276709 0.430734 0.051566 0.171187 0.199410 0.000000 0.335968 0.499243 0.511128 0.000008 0.000023 0.529196 0.000000 0.000000 0.402824 0.251997 0.227766 0.499243 0.220922 0.119513 0.545585 0.528613 0.235769 0.691982 0.200573 0.424807 0.520769 0.128305 0.000018 0.254052 0.281108 0.407041 0.150304 0.000037 0.656520 0.000179 0.025831 0.271912 0.498581 0.301458 0.519129 0.143627 0.081144 0.574582 0.279120 0.699624 0.000000 1.000000 0.677997 0.785511 0.674551 0.180928 0.776142 0.000044 0.165153 0.000000 0.507547 0.658689 0.261837 0.191013 0.000026 0.511128 0.630052 0.000000 0.249100 0.639944 0.594892 0.000021 0.000026 0.000000 0.000048 0.000026 0.282923 0.000003 0.000013
0.439019 0.973149 0.000000 0.000000 0.214804 0.146570 0.402274 0.211045 0.000000 0.000000 0.242265 0.894224 0.087288 0.899292 0.213946 0.012193 0.335850 0.000000 0.000000 0.000000 0.057813 0.842011 0.437348 0.037547 0.000000 0.486831 0.132045 0.045192 0.301190 0.350704 0.000000 0.000013 0.437348 0.899292 0.000000 0.000000 0.264071 0.000000 0.000000 0.494345 0.016760 0.000734 0.437348 0.000001 0.210166 0.808792 0.326941 0.413667 0.778816 0.352674 0.523465 0.465372 0.112292 0.000000 0.446985 0.109992 0.356511 0.264448 0.000000 0.167839 0.000134 0.044745 0.000122 0.206146 0.000000 0.207346 0.252659 0.071048 0.699807 0.391660 0.000000 0.000000 0.677997 1.000000 0.202676 0.000000 0.152804 0.457665 0.000001 0.285899 0.000000 0.000000 0.591508 0.063455 0.000000 0.000000 0.899292 0.923314 0.000000 0.263509 0.499857 0.143764 0.000000 0.000000 0.000000 0.000000 0.000000 0.160128 0.000000 0.000000
0.429329 0.293160 0.000000 0.000008 0.567063 0.454595 0.355261 0.279820 0.000000 0.000000 0.484217 0.255697 0.091962 0.000000 0.682393 0.000000 0.340020 0.329424 0.000000 0.000000 0.061265 0.278159 0.463421 0.510117 0.792046 0.294497 0.610662 0.047779 0.337946 0.004094 0.000000 0.380342 0.463421 0.000000 0.009750 0.198051 0.429174 0.000000 0.000000 0.191821 0.281288 0.276704 0.463421 0.250081 0.105935 0.280237 0.553371 0.177845 0.288435 0.134863 0.278845 0.570503 0.189416 0.000000 0.344810 0.247460 0.377817 0.226164 0.000000 0.703051 0.000142 0.114374 0.447181 0.568414 0.699864 0.804359 0.000000 0.075283 0.360291 0.199840 0.792022 0.000000 0.785511 0.202676 1.000000 0.806960 0.169200 0.713984 0.000000 0.004885 0.397371 0.574546 0.365077 0.445159 0.378838 0.000000 0.000000 0.194588 0.000000 0.112501 0.749293 0.615005 0.000000 0.000000 0.000000 0.000000 0.000000 0.346380 0.000003 0.000014
0.684790 0.000000 0.060100 0.182626 0.134487 0.357407 0.097498 0.185147 0.000000 0.000000 0.200536 0.001073 0.118974 0.000000 0.472926 0.214547 0.072788 0.538033 0.003728 0.239300 0.209807 0.338589 0.000000 0.401440 0.964116 0.080822 0.551265 0.183947 0.092746 0.153972 0.000000 0.524803 0.000000 0.000000 0.042701 0.054353 0.523137 0.002892 0.003727 0.292179 0.368865 0.345910 0.000000 0.380167 0.252380 0.147599 0.395415 0.146000 0.345204 0.217830 0.272503 0.366169 0.228302 0.094296 0.094630 0.391158 0.096249 0.063953 0.187192 0.644060 0.133134 0.036417 0.519531 0.626090 0.513826 0.528469 0.122200 0.206561 0.161232 0.219085 0.964116 0.000761 0.674551 0.000000 0.806960 1.000000 0.189577 0.750889 0.099295 0.001334 0.109055 0.839768 0.514576 0.463506 0.307816 0.000000 0.000000 0.079129 0.000000 0.278531 0.363048 0.807525 0.001422 0.000000 0.000000 0.242019 0.000000 0.295430 0.008430 0.000017
0.501384 0.220997 0.580685 0.589151 0.298018 0.628449 0.000026 0.717833 0.000000 0.000001 0.628961 0.425060 0.718226 0.000049 0.601108 0.917302 0.779028 0.700169 0.376997 0.732305 0.728745 0.003297 0.349287 0.386962 0.009258 0.168068 0.622044 0.657092 0.000017 0.695069 0.090644 0.336072 0.349287 0.000049 0.137468 0.366835 0.078449 0.349631 0.376862 0.769829 0.364582 0.499533 0.349287 0.546598 0.683346 0.534688 0.753540 0.348899 0.003494 0.714379 0.618296 0.660795 0.750036 0.441412 0.000024 0.538624 0.727426 0.017407 0.572845 0.277493 0.715905 0.371481 0.542814 0.700701 0.003996 0.397453 0.541395 0.688859 0.468225 0.764077 0.012197 0.076923 0.180928 0.152804 0.169200 0.189577 1.000000 0.307506 0.688638 0.376839 0.000000 0.436387 0.249547 0.615504 0.370921 0.423135 0.000049 0.407043 0.090644 0.729713 0.363710 0.302803 0.487416 0.423135 0.000000 0.740626 0.423137 0.557918 0.179305 0.000001
0.748006 0.422188 0.082011 0.315231 0.323433 0.569008 0.454929 0.371986 0.133376 0.130843 0.448917 0.463176 0.316100 0.455635 0.523077 0.240951 0.294632 0.440082 0.247097 0.209985 0.333494 0.671842 0.109560 0.505554 0.698279 0.453135 0.735681 0.342354 0.441405 0.455232 0.288194 0.648186 0.109560 0.455635 0.215287 0.140437 0.662053 0.373557 0.250581 0.659665 0.527539 0.445251 0.109560 0.620965 0.383601 0.590520 0.589900 0.618263 0.694441 0.536287 0.735258 0.542039 0.361651 0.286812 0.466983 0.687646 0.197847 0.429244 0.231600 0.661889 0.311700 0.423910 0.649940 0.662842 0.551006 0.667777 0.516655 0.247886 0.519432 0.449397 0.700193 0.180987 0.776142 0.457665 0.713984 0.750889 0.307506 1.000000 0.090470 0.320202 0.277177 0.667475 0.772419 0.499517 0.306353 0.002643 0.455635 0.541445 0.288194 0.534995 0.598943 0.772836 0.170909 0.002643 0.133376 0.192209 0.002644 0.407800 0.318007 0.157614
0.284404 0.000000 0.954562 0.309588 0.070035 0.269639 0.001712 0.287723 0.069032 0.000000 0.173625 0.265953 0.738520 0.000001 0.236907 0.718582 0.556657 0.844415 0.000003 0.415986 0.367803 0.000001 0.000000 0.503779 0.000000 0.361106 0.358396 0.311832 0.000000 0.644236 0.000000 0.258048 0.000000 0.000001 0.091358 0.788352 0.052675 0.000002 0.001852 0.364125 0.344427 0.765774 0.000000 0.123712 0.388381 0.192567 0.392534 0.163783 0.024243 0.539376 0.240333 0.258802 0.359574 0.214069 0.000000 0.179652 0.498014 0.003195 0.317333 0.032650 0.220365 0.002181 0.529103 0.318070 0.000004 0.122526 0.207359 0.384348 0.598309 0.550552 0.000000 0.067580 0.000044 0.000001 0.000000 0.099295 0.688638 0.090470 1.000000 0.568880 0.000000 0.263590 0.122577 0.803570 0.791701 0.909345 0.000001 0.134141 0.000000 0.679854 0.074457 0.177862 0.767283 0.909345 0.069032 0.410277 0.909345 0.284109 0.075581 0.015602
0.245007 0.248917 0.538647 0.000153 0.005270 0.122445 0.156612 0.005229 0.673288 0.000000 0.336508 0.500147 0.579526 0.312789 0.005274 0.319043 0.540742 0.568444 0.344692 0.100839 0.120033 0.292865 0.010542 0.260557 0.000000 0.397432 0.372089 0.001282 0.104759 0.725109 0.000000 0.102968 0.010542 0.312789 0.245948 0.497964 0.672726 0.267363 0.362602 0.394604 0.166806 0.556497 0.010542 0.257158 0.169335 0.294512 0.184007 0.145155 0.506997 0.295086 0.418162 0.084378 0.056134 0.698733 0.155469 0.551451 0.367431 0.091982 0.000156 0.139168 0.290865 0.322849 0.315367 0.066700 0.000000 0.099401 0.198060 0.335257 0.543104 0.426546 0.002687 0.729455 0.165153 0.285899 0.004885 0.001334 0.376839 0.320202 0.568880 1.000000 0.000000 0.249550 0.274579 0.523004 0.500080 0.574389 0.312789 0.261763 0.000000 0.499309 0.115675 0.205204 0.879058 0.574389 0.673288 0.000202 0.574392 0.458712 0.079994 0.152170
0.000006 0.000000 0.000000 0.000021 0.854191 0.423825 0.894029 0.141412 0.000000 0.000000 0.297940 0.000000 0.000000 0.000000 0.591266 0.000000 0.000000 0.000000 0.000000 0.000000 0.000000 0.000000 0.000000 0.762297 0.000000 0.741113 0.391530 0.000000 0.850455 0.010182 0.000000 0.000074 0.000000 0.000000 0.024536 0.498404 0.000000 0.000000 0.000000 0.064409 0.000000 0.048280 0.000000 0.000000 0.266536 0.305716 0.135343 0.445715 0.015447 0.339004 0.255789 0.457679 0.177014 0.000000 0.867727 0.000047 0.000000 0.569150 0.000000 0.000000 0.000000 0.286690 0.350860 0.203515 0.902413 0.666708 0.000000 0.000000 0.231809 0.240190 0.000000 0.000000 0.000000 0.000000 0.397371 0.109055 0.000000 0.277177 0.000000 0.000000 1.000000 0.000000 0.000017 0.477170 0.409253 0.000000 0.000000 0.000000 0.000000 0.000246 0.569478 0.080691 0.000000 0.000000 0.000000 0.000000 0.000000 0.159495 0.000009 0.000000
0.832701 0.000000 0.144062 0.437793 0.099033 0.549325 0.009184 0.406875 0.370469 0.000000 0.177733 0.000000 0.424844 0.000000 0.537153 0.511964 0.264747 0.736334 0.000000 0.628992 0.568135 0.254752 0.000000 0.348192 0.725395 0.000000 0.701488 0.440997 0.000000 0.550574 0.000101 0.496684 0.000000 0.000000 0.223115 0.000000 0.675744 0.000064 0.009923 0.538216 0.356338 0.341562 0.000000 0.404006 0.588111 0.272290 0.492863 0.232774 0.388420 0.432912 0.490103 0.489032 0.530126 0.527428 0.000000 0.603279 0.317202 0.004531 0.448710 0.483663 0.311594 0.003513 0.593962 0.778105 0.312558 0.504337 0.300721 0.678573 0.140283 0.568608 0.725373 0.362676 0.507547 0.000000 0.574546 0.839768 0.436387 0.667475 0.263590 0.249550 0.000000 1.000000 0.523917 0.525329 0.198019 0.000000 0.000000 0.189696 0.000101 0.476622 0.315006 0.844146 0.154691 0.000000 0.370469 0.580134 0.000000 0.689806 0.024011 0.083743
0.772602 0.509412 0.195894 0.506452 0.049321 0.314246 0.295718 0.398136 0.059533 0.510945 0.164025 0.501521 0.164919 0.657749 0.295200 0.285363 0.201008 0.372551 0.083269 0.294404 0.260787 0.777724 0.000000 0.378964 0.460920 0.356087 0.526839 0.219540 0.427575 0.478720 0.000000 0.503163 0.000000 0.657749 0.543118 0.000009 0.504540 0.064588 0.084834 0.606183 0.210694 0.196997 0.000000 0.426351 0.455420 0.632389 0.416086 0.565996 0.754689 0.556701 0.572893 0.425259 0.413350 0.194490 0.326943 0.466830 0.128702 0.582478 0.547196 0.618007 0.225328 0.108750 0.315481 0.592316 0.198641 0.273847 0.353190 0.275921 0.583114 0.529556 0.461589 0.075270 0.658689 0.591508 0.365077 0.514576 0.249547 0.772419 0.122577 0.274579 0.000017 0.523917 1.000000 0.326314 0.125829 0.000000 0.657749 0.635410 0.000000 0.692261 0.463889 0.809352 0.130117 0.000000 0.059533 0.288749 0.000001 0.360049 0.018367 0.511188
0.505783 0.054648 0.746437 0.312591 0.478318 0.539774 0.461578 0.357982 0.137587 0.000000 0.361795 0.263645 0.641158 0.070561 0.611250 0.646137 0.484859 0.855379 0.040585 0.430156 0.383306 0.179375 0.000000 0.859887 0.322639 0.664385 0.674594 0.314856 0.429443 0.632431 0.000000 0.377147 0.000000 0.070561 0.128983 0.832840 0.308433 0.031480 0.044256 0.475127 0.388079 0.730826 0.000000 0.257047 0.545500 0.399265 0.509427 0.410909 0.231711 0.677503 0.464915 0.552135 0.452922 0.289020 0.449125 0.346135 0.437448 0.295557 0.320401 0.253356 0.256727 0.178871 0.751188 0.567740 0.569624 0.581598 0.241838 0.421678 0.651864 0.661044 0.322946 0.142974 0.261837 0.063455 0.445159 0.463506 0.615504 0.499517 0.803570 0.523004 0.477170 0.525329 0.326314 1.000000 0.880902 0.686337 0.070561 0.193475 0.000000 0.656901 0.453598 0.480134 0.630289 0.686337 0.137587 0.414244 0.686338 0.454977 0.065491 0.031102
0.147971 0.000000 0.816377 0.000008 0.349600 0.218560 0.365884 0.057873 0.000000 0.000000 0.273093 0.254628 0.489080 0.000000 0.318056 0.341336 0.401096 0.680654 0.000000 0.000000 0.000002 0.095868 0.000000 0.758445 0.272980 0.649034 0.398785 0.000000 0.348051 0.340676 0.000000 0.277835 0.000000 0.000000 0.010041 0.958760 0.147916 0.000000 0.000000 0.122578 0.342967 0.789886 0.000000 0.086191 0.109086 0.125115 0.304472 0.182651 0.103581 0.362044 0.136296 0.233626 0.072474 0.000000 0.355120 0.085300 0.305268 0.232926 0.000000 0.213269 0.000000 0.117496 0.572826 0.201719 0.486935 0.383048 0.000000 0.000000 0.662205 0.293389 0.272972 0.000000 0.191013 0.000000 0.378838 0.307816 0.370921 0.306353 0.791701 0.500080 0.409253 0.198019 0.125829 0.880902 1.000000 0.870628 0.000000 0.000000 0.000000 0.454598 0.306552 0.232154 0.707017 0.870628 0.000000 0.000000 0.870628 0.104334 0.058452 0.000005
0.000000 0.000000 0.937686 0.000000 0.000014 0.000000 0.000000 0.000000 0.000000 0.000000 0.130427 0.292465 0.561755 0.000000 0.000000 0.392057 0.460458 0.651389 0.000000 0.000000 0.000000 0.000000 0.000000 0.430792 0.000000 0.397106 0.147411 0.000000 0.000000 0.386496 0.000000 0.168533 0.000000 0.000000 0.000000 0.866945 0.000000 0.000000 0.000000 0.073632 0.289536 0.782800 0.000000 0.000000 0.000000 0.000000 0.202249 0.000000 0.000000 0.256488 0.000000 0.000000 0.000000 0.000000 0.000000 0.000000 0.350608 0.000000 0.000000 0.035902 0.000000 0.000013 0.371238 0.000006 0.000000 0.000000 0.000000 0.000000 0.614931 0.224080 0.000000 0.000000 0.000026 0.000000 0.000000 0.000000 0.423135 0.002643 0.909345 0.574389 0.000000 0.000000 0.000000 0.686337 0.870628 1.000000 0.000000 0.000000 0.000000 0.477538 0.000092 0.000003 0.812077 1.000000 0.000000 0.000000 1.000000 0.000002 0.067134 0.000000
0.488182 0.774479 0.000000 0.000000 0.000000 0.000009 0.447322 0.000000 0.000000 0.000000 0.000000 0.726030 0.000556 1.000000 0.000000 0.013559 0.017269 0.000000 0.000000 0.000000 0.000001 0.936304 0.000000 0.041751 0.000000 0.541349 0.004837 0.000113 0.334919 0.389973 0.000000 0.000014 0.000000 1.000000 0.000000 0.000000 0.293643 0.000000 0.000000 0.473039 0.000192 0.000345 0.000000 0.000001 0.233696 0.732765 0.061544 0.459958 0.865925 0.392009 0.492385 0.250682 0.000000 0.000000 0.497041 0.122309 0.000000 0.294062 0.000000 0.003038 0.000000 0.049755 0.000000 0.078180 0.000000 0.000009 0.280953 0.000000 0.594059 0.325966 0.000000 0.000000 0.511128 0.899292 0.000000 0.000000 0.000049 0.455635 0.000001 0.312789 0.000000 0.000000 0.657749 0.070561 0.000000 0.000000 1.000000 0.822507 0.000000 0.293016 0.230514 0.154434 0.000000 0.000000 0.000000 0.000000 0.000000 0.000000 0.000000 0.000000
0.620645 0.902639 0.081191 0.313765 0.262033 0.445752 0.367926 0.498083 0.000000 0.000000 0.276442 0.828846 0.347096 0.822507 0.394200 0.299685 0.439360 0.185118 0.000000 0.323279 0.428701 0.770117 0.419894 0.123627 0.000000 0.445263 0.349011 0.420648 0.275473 0.564376 0.200682 0.227084 0.419894 0.822507 0.053865 0.000000 0.241523 0.126661 0.000000 0.746570 0.256241 0.137112 0.419894 0.185294 0.493878 0.900005 0.561564 0.626989 0.712348 0.623527 0.751880 0.643544 0.436746 0.125282 0.408819 0.301086 0.472222 0.270147 0.252884 0.161017 0.175737 0.112345 0.266558 0.477879 0.000003 0.343039 0.550108 0.347263 0.687753 0.623294 0.000000 0.000000 0.630052 0.923314 0.194588 0.079129 0.407043 0.541445 0.134141 0.261763 0.000000 0.189696 0.635410 0.193475 0.000000 0.000000 0.822507 1.000000 0.200682 0.476640 0.526785 0.260810 0.000000 0.000000 0.000000 0.326952 0.000000 0.342999 0.210074 0.000000
0.000000 0.000000 0.000000 0.334123 0.000000 0.497609 0.000000 0.329738 0.000000 0.000000 0.000000 0.000000 0.511253 0.000000 0.000000 0.000000 0.107793 0.000000 0.000000 0.000000 0.447332 0.000000 0.000000 0.000000 0.000000 0.000000 0.309292 0.641631 0.000000 0.188487 1.000000 0.715496 0.000000 0.000000 0.000000 0.000000 0.000000 0.631155 0.000000 0.304311 0.874508 0.495545 0.000000 0.432065 0.000000 0.000000 0.422133 0.589089 0.000000 0.284005 0.454802 0.003767 0.232902 0.000000 0.000000 0.408795 0.000000 0.128226 0.000000 0.000000 0.000000 0.347288 0.608694 0.161661 0.000000 0.269258 0.773746 0.000000 0.044826 0.000078 0.000000 0.000000 0.000000 0.000000 0.000000 0.000000 0.090644 0.288194 0.000000 0.000000 0.000000 0.000101 0.000000 0.000000 0.000000 0.000000 0.000000 0.200682 1.000000 0.225340 0.000061 0.000823 0.000000 0.000000 0.000000 0.000000 0.000000 0.000046 0.992467 0.000000
0.623486 0.226937 0.708346 0.784153 0.099647 0.561485 0.133691 0.665403 0.096636 0.477026 0.306779 0.409358 0.706746 0.293016 0.375980 0.756478 0.560527 0.728228 0.197805 0.590278 0.622651 0.324191 0.000002 0.556268 0.141913 0.348446 0.701174 0.587258 0.291855 0.781550 0.225340 0.654893 0.000003 0.293016 0.577656 0.414122 0.275201 0.295653 0.200323 0.751544 0.497806 0.627109 0.000003 0.588215 0.644664 0.523484 0.653503 0.638189 0.338245 0.822548 0.660716 0.465890 0.711626 0.385449 0.145855 0.603715 0.421480 0.480859 0.752805 0.440427 0.479650 0.272405 0.641310 0.682955 0.061397 0.291861 0.603619 0.544901 0.653539 0.757984 0.143482 0.134964 0.249100 0.263509 0.112501 0.278531 0.729713 0.534995 0.679854 0.499309 0.000246 0.476622 0.692261 0.656901 0.454598 0.477538 0.293016 0.476640 0.225340 1.000000 0.337789 0.628768 0.572216 0.477538 0.096636 0.582376 0.477539 0.503717 0.295327 0.486527
0.381098 0.601696 0.107237 0.279580 0.844383 0.651631 0.613586 0.625535 0.054113 0.264939 0.600380 0.536479 0.237981 0.230514 0.838314 0.155113 0.593223 0.224899 0.000000 0.178325 0.247226 0.310275 0.668934 0.639991 0.268925 0.546873 0.714655 0.199891 0.668993 0.231205 0.000061 0.280389 0.668934 0.230514 0.305525 0.283910 0.254699 0.000039 0.001449 0.411019 0.149083 0.140990 0.668934 0.205113 0.386131 0.652978 0.717107 0.505562 0.323360 0.452262 0.520678 0.839648 0.508122 0.110542 0.608727 0.230137 0.626415 0.593820 0.301098 0.578376 0.092679 0.175817 0.388696 0.652879 0.629791 0.860321 0.152513 0.282409 0.627653 0.550572 0.268934 0.052974 0.639944 0.499857 0.749293 0.363048 0.363710 0.598943 0.074457 0.115675 0.569478 0.315006 0.463889 0.453598 0.306552 0.000092 0.230514 0.526785 0.000061 0.337789 1.000000 0.492109 0.060781 0.000092 0.054113 0.172171 0.000092 0.555416 0.006480 0.270319
0.766937 0.126669 0.213919 0.567356 0.141734 0.490721 0.146992 0.476340 0.232738 0.477201 0.183624 0.118285 0.284284 0.154434 0.484180 0.350127 0.248902 0.593369 0.000000 0.424709 0.384651 0.400778 0.011164 0.508496 0.729461 0.143405 0.753168 0.301423 0.313926 0.425908 0.000823 0.644688 0.011164 0.154434 0.587562 0.040220 0.618203 0.000519 0.006234 0.472463 0.322036 0.311146 0.011164 0.472535 0.479674 0.326748 0.516735 0.403845 0.476531 0.454636 0.454975 0.454303 0.525040 0.342799 0.146778 0.550728 0.220275 0.455771 0.607486 0.753723 0.211812 0.033602 0.521438 0.770275 0.387148 0.494863 0.247869 0.453626 0.341286 0.516677 0.729470 0.227842 0.594892 0.143764 0.615005 0.807525 0.302803 0.772836 0.177862 0.205204 0.080691 0.844146 0.809352 0.480134 0.232154 0.000003 0.154434 0.260810 0.000823 0.628768 0.492109 1.000000 0.165827 0.000003 0.232738 0.394351 0.000003 0.587806 0.016836 0.517468
0.057163 0.000000 0.796437 0.081241 0.000067 0.086720 0.010355 0.055078 0.417554 0.143847 0.388903 0.347330 0.614380 0.000000 0.000000 0.417348 0.600958 0.650005 0.381430 0.062413 0.073468 0.000000 0.000000 0.392645 0.000000 0.322493 0.368565 0.000006 0.058352 0.571612 0.000000 0.201658 0.000000 0.000000 0.292161 0.704026 0.392895 0.295858 0.392477 0.244984 0.235126 0.718018 0.000000 0.321560 0.067113 0.068172 0.233486 0.042348 0.146458 0.257722 0.210551 0.000063 0.077892 0.503383 0.000000 0.437604 0.382318 0.108898 0.091177 0.234058 0.321742 0.340038 0.364763 0.059029 0.000007 0.058510 0.112885 0.206748 0.530626 0.321110 0.002983 0.486596 0.000021 0.000000 0.000000 0.001422 0.487416 0.170909 0.767283 0.879058 0.000000 0.154691 0.130117 0.630289 0.707017 0.812077 0.000000 0.000000 0.000000 0.572216 0.060781 0.165827 1.000000 0.812077 0.417554 0.000000 0.812079 0.306437 0.096325 0.234497
0.000000 0.000000 0.937687 0.000000 0.000014 0.000000 0.000000 0.000000 0.000000 0.000000 0.130427 0.292465 0.561755 0.000000 0.000000 0.392057 0.460458 0.651389 0.000000 0.000000 0.000000 0.000000 0.000000 0.430792 0.000000 0.397106 0.147411 0.000000 0.000000 0.386496 0.000000 0.168533 0.000000 0.000000 0.000000 0.866945 0.000000 0.000000 0.000000 0.073633 0.289536 0.782800 0.000000 0.000000 0.000000 0.000000 0.202249 0.000000 0.000000 0.256488 0.000000 0.000000 0.000000 0.000000 0.000000 0.000000 0.350608 0.000000 0.000000 0.035902 0.000000 0.000013 0.371238 0.000006 0.000000 0.000000 0.000000 0.000000 0.614931 0.224080 0.000000 0.000000 0.000026 0.000000 0.000000 0.000000 0.423135 0.002643 0.909345 0.574389 0.000000 0.000000 0.000000 0.686337 0.870628 1.000000 0.000000 0.000000 0.000000 0.477538 0.000092 0.000003 0.812077 1.000000 0.000000 0.000000 1.000000 0.000002 0.067134 0.000000
0.136900 0.000000 0.000000 0.000000 0.000000 0.176421 0.024790 0.000000 1.000000 0.000000 0.000000 0.000000 0.376883 0.000000 0.000000 0.000000 0.253369 0.286564 0.000000 0.149473 0.175949 0.000000 0.000000 0.000000 0.000000 0.000000 0.334845 0.000000 0.000000 0.500356 0.000000 0.000458 0.000000 0.000000 0.344262 0.000001 0.763047 0.000000 0.026784 0.119691 0.000000 0.109239 0.000000 0.000000 0.142651 0.000000 0.014118 0.001775 0.350708 0.000000 0.242685 0.000000 0.079094 0.823634 0.000000 0.449292 0.233736 0.000000 0.000000 0.000000 0.000001 0.000000 0.151533 0.050034 0.000000 0.140125 0.027259 0.495141 0.000102 0.286782 0.000000 0.978963 0.000000 0.000000 0.000000 0.000000 0.000000 0.133376 0.069032 0.673288 0.000000 0.370469 0.059533 0.137587 0.000000 0.000000 0.000000 0.000000 0.000000 0.096636 0.054113 0.232738 0.417554 0.000000 1.000000 0.000000 0.000001 0.675393 0.012318 0.226011
0.670165 0.000000 0.248326 0.754584 0.170672 0.627527 0.000000 0.701290 0.000000 0.000000 0.134105 0.000000 0.491556 0.000000 0.577431 0.882493 0.293583 0.566194 0.000000 0.988766 0.866870 0.000000 0.000000 0.273085 0.000000 0.000000 0.490482 0.760052 0.000000 0.629422 0.000000 0.255344 0.000000 0.000000 0.164749 0.000000 0.000000 0.000000 0.000000 0.704168 0.197765 0.113087 0.000000 0.301527 0.922630 0.469357 0.506108 0.398902 0.000079 0.746178 0.544947 0.630797 0.863111 0.383181 0.000000 0.362278 0.397427 0.007788 0.773460 0.000002 0.537106 0.005281 0.441310 0.766826 0.000009 0.275064 0.500822 0.853490 0.095344 0.796995 0.000000 0.000000 0.000048 0.000000 0.000000 0.242019 0.740626 0.192209 0.410277 0.000202 0.000000 0.580134 0.288749 0.414244 0.000000 0.000000 0.000000 0.326952 0.000000 0.582376 0.172171 0.394351 0.000000 0.000000 0.000000 1.000000 0.000000 0.578838 0.033349 0.000000
0.000000 0.000000 0.937686 0.000000 0.000014 0.000000 0.000000 0.000000 0.000001 0.000000 0.130431 0.292466 0.561755 0.000000 0.000000 0.392058 0.460460 0.651389 0.000006 0.000000 0.000000 0.000000 0.000000 0.430792 0.000000 0.397106 0.147412 0.000000 0.000000 0.386497 0.000000 0.168533 0.000000 0.000000 0.000000 0.866945 0.000002 0.000004 0.000006 0.073634 0.289536 0.782801 0.000000 0.000004 0.000000 0.000001 0.202250 0.000000 0.000000 0.256488 0.000002 0.000000 0.000000 0.000003 0.000000 0.000004 0.350608 0.000000 0.000000 0.035904 0.000005 0.000018 0.371238 0.000006 0.000000 0.000000 0.000002 0.000000 0.614931 0.224080 0.000000 0.000002 0.000026 0.000000 0.000000 0.000000 0.423137 0.002644 0.909345 0.574392 0.000000 0.000000 0.000001 0.686338 0.870628 1.000000 0.000000 0.000000 0.000000 0.477539 0.000092 0.000003 0.812079 1.000000 0.000001 0.000000 1.000000 0.000002 0.067135 0.000000
0.557936 0.231616 0.185010 0.532690 0.414862 0.711759 0.159337 0.670192 0.675393 0.169784 0.347680 0.202018 0.611756 0.000000 0.647528 0.510829 0.631634 0.580789 0.000000 0.673289 0.669032 0.050249 0.366133 0.367614 0.143081 0.118205 0.791079 0.477725 0.204518 0.703915 0.000046 0.285538 0.366133 0.000000 0.488512 0.079495 0.592887 0.000029 0.018090 0.573575 0.176040 0.193757 0.366133 0.263477 0.681820 0.445868 0.622138 0.352465 0.290435 0.511825 0.604264 0.663271 0.728244 0.778076 0.138399 0.577863 0.686379 0.223822 0.555325 0.327078 0.311011 0.048880 0.469456 0.724231 0.205594 0.591541 0.308341 0.887926 0.284439 0.798367 0.143088 0.661184 0.282923 0.160128 0.346380 0.295430 0.557918 0.407800 0.284109 0.458712 0.159495 0.689806 0.360049 0.454977 0.104334 0.000002 0.000000 0.342999 0.000046 0.503717 0.555416 0.587806 0.306437 0.000002 0.675393 0.578838 0.000002 1.000000 0.027671 0.318040
0.024036 0.000000 0.071232 0.356771 0.005714 0.516965 0.000314 0.350643 0.012318 0.000000 0.084543 0.047311 0.566357 0.000000 0.019262 0.080690 0.176596 0.066488 0.096121 0.034816 0.475039 0.000000 0.000000 0.038035 0.000000 0.026669 0.353317 0.662146 0.000007 0.252472 0.992467 0.731559 0.000000 0.000000 0.013675 0.058206 0.028119 0.700958 0.096417 0.365930 0.893953 0.558734 0.000000 0.510561 0.032530 0.032835 0.458629 0.597982 0.004327 0.330941 0.500065 0.024795 0.260907 0.063112 0.000007 0.482065 0.039671 0.127525 0.025794 0.034093 0.098992 0.430540 0.645622 0.188065 0.000008 0.278134 0.810534 0.034563 0.088954 0.045306 0.000749 0.031672 0.000003 0.000000 0.000003 0.008430 0.179305 0.318007 0.075581 0.079994 0.000009 0.024011 0.018367 0.065491 0.058452 0.067134 0.000000 0.210074 0.992467 0.295327 0.006480 0.016836 0.096325 0.067134 0.012318 0.033349 0.067135 0.027671 1.000000 0.002784
0.030951 0.000000 0.236771 0.550157 0.000000 0.128278 0.005603 0.372985 0.226011 0.974125 0.000043 0.000000 0.085180 0.000000 0.000005 0.000042 0.185192 0.064775 0.000000 0.033783 0.039766 0.000006 0.000000 0.289905 0.000018 0.000000 0.384859 0.000000 0.395159 0.113086 0.000000 0.394147 0.000000 0.000000 0.976993 0.000000 0.172472 0.000000 0.006054 0.028780 0.000006 0.024695 0.000000 0.250989 0.083318 0.000000 0.189145 0.282098 0.079276 0.147482 0.054851 0.000003 0.321707 0.186150 0.000000 0.216230 0.052827 0.737441 0.617444 0.536199 0.000000 0.000000 0.034256 0.231128 0.000056 0.031677 0.006161 0.111907 0.211395 0.194235 0.000082 0.221256 0.000013 0.000000 0.000014 0.000017 0.000001 0.157614 0.015602 0.152170 0.000000 0.083743 0.511188 0.031102 0.000005 0.000000 0.000000 0.000000 0.000000 0.486527 0.270319 0.517468 0.234497 0.000000 0.226011 0.000000 0.000000 0.318040 0.002784 1.000000
